919 1105
545 706
907 424
94 276
602 125
791 769
102 96
913 660
829 555
185 379
615 167
377 596
262 418
299 655
412 839
419 772
299 518
563 469
134 489
613 805
738 41
630 473
642 703
578 680
461 356
851 177
829 426
362 492
151 130
691 107
802 640
277 169
845 572
134 55
456 167
798 222
800 297
399 883
442 77
609 16
54 821
23 452
609 757
884 441
655 212
46 345
780 716
266 261
475 262
754 755
411 262
419 807
835 228
899 251
427 336
61 220
583 64
457 244
712 670
516 40
478 919
272 418
45 368
800 780
33 248
527 331
850 518
74 211
888 501
732 653
333 878
513 820
536 83
388 476
131 364
305 137
522 615
573 788
182 294
667 309
630 581
630 14
731 496
874 184
403 66
292 313
66 204
504 279
45 9
717 322
86 554
488 869
418 388
533 558
603 144
592 217
703 109
610 329
298 746
263 620
816 478
801 827
2 203
605 373
562 282
626 359
193 453
263 862
83 292
375 82
836 131
607 696
11 786
69 899
505 182
92 326
716 195
416 28
412 645
473 912
402 35
525 480
302 292
418 30
27 556
292 135
341 547
547 840
47 651
15 157
356 131
884 613
137 741
581 287
284 456
475 700
450 356
341 184
700 888
97 530
86 857
539 910
481 589
437 536
96 557
504 298
151 834
858 735
802 351
883 834
402 102
689 543
133 349
423 127
667 672
448 790
707 857
879 88
217 817
756 661
771 170
45 826
625 552
783 74
127 662
483 748
762 612
322 519
95 451
799 628
72 316
580 276
832 509
894 664
104 399
318 123
624 139
790 170
775 277
769 792
758 566
615 155
776 107
121 135
104 73
730 510
212 6
295 874
335 771
190 146
456 485
282 879
595 114
648 724
585 590
563 422
14 350
762 221
800 770
26 92
874 144
242 804
709 441
542 561
802 182
153 436
686 270
878 515
549 124
49 202
282 719
875 267
771 319
147 912
104 170
664 266
140 613
307 386
248 856
95 184
244 264
872 38
321 790
281 152
8 516
642 797
902 744
211 57
14 644
120 540
909 207
587 611
28 707
898 96
606 223
73 561
640 676
331 88
747 786
796 728
153 842
580 679
715 529
718 400
139 126
107 23
531 775
824 379
74 870
870 255
216 637
82 592
817 515
795 292
492 574
903 284
573 89
766 210
376 706
440 777
570 24
212 183
30 474
437 464
709 520
452 292
169 630
880 866
619 3
368 129
102 354
467 428
662 507
276 147
274 762
832 233
442 422
80 109
324 382
653 352
742 872
811 80
49 901
784 330
868 883
116 234
556 131
249 115
693 701
39 708
177 312
832 165
893 430
649 133
577 143
367 705
642 231
189 892
892 542
771 77
412 74
729 696
327 881
628 289
309 584
463 449
342 467
609 517
683 193
498 521
314 304
764 698
266 829
774 687
860 870
306 167
898 294
499 73
695 586
296 862
264 709
848 67
102 896
260 910
879 705
826 677
30 42
22 135
343 847
648 822
746 701
378 796
902 110
447 476
105 794
545 214
717 702
456 535
801 341
781 441
335 892
190 883
148 583
629 394
468 107
102 397
309 881
662 119
405 487
605 165
430 328
828 888
668 178
200 712
537 657
494 286
91 568
52 290
100 177
554 626
237 582
878 684
112 448
47 328
593 505
736 319
517 214
773 417
529 176
811 550
566 520
76 546
686 6
566 92
760 196
568 647
475 597
140 109
705 398
726 145
108 492
71 583
227 894
821 638
74 536
816 795
731 644
712 903
515 381
822 619
708 898
392 5
843 605
878 619
503 724
33 736
54 791
374 566
471 715
529 704
363 384
456 737
835 755
802 697
82 274
767 3
354 597
643 404
728 784
298 709
318 66
691 162
773 101
618 394
312 5
371 384
717 383
816 503
849 823
223 500
254 740
578 78
786 705
382 449
808 471
730 442
162 671
863 115
120 763
278 860
775 39
371 558
161 37
255 781
902 13
166 251
472 224
591 742
841 497
715 298
470 378
715 30
232 533
591 864
776 275
604 916
347 410
618 161
719 211
310 458
183 646
364 899
445 29
447 572
717 831
138 228
567 458
332 77
823 440
191 558
896 24
556 89
221 363
759 425
591 28
166 564
543 365
365 768
744 775
457 645
153 534
855 913
485 72
507 75
426 648
680 763
315 23
711 652
889 303
291 660
708 557
1 394
697 512
119 698
92 96
307 261
915 565
416 406
75 537
210 140
509 705
607 192
421 506
478 322
493 507
832 17
917 383
79 744
599 15
850 521
155 184
234 765
22 586
331 1
918 67
168 718
207 793
381 41
424 605
83 145
62 5
188 277
694 553
39 421
571 164
469 165
310 476
268 349
911 206
20 356
632 611
498 234
747 295
580 916
851 422
754 792
819 26
835 565
149 397
706 599
609 37
679 574
150 678
7 875
641 800
862 306
34 763
170 98
245 78
844 360
119 435
9 610
796 60
662 832
231 723
293 715
799 333
734 336
910 457
738 298
676 897
468 891
615 21
613 688
874 888
456 385
409 134
533 413
459 435
807 908
335 423
616 583
66 207
205 532
170 248
725 659
254 667
37 361
225 760
12 244
919 464
283 446
35 239
665 466
403 304
783 767
774 884
64 747
590 320
494 654
479 350
172 220
152 426
862 589
314 562
554 812
625 901
472 883
625 166
275 870
484 122
750 147
33 717
686 702
746 710
547 147
471 151
501 685
729 79
362 507
255 569
454 762
694 360
89 595
856 851
206 278
658 777
789 315
578 351
780 25
685 837
462 710
125 342
81 885
575 790
268 612
490 353
598 860
219 872
674 632
71 857
512 594
478 454
147 744
63 907
794 149
483 566
188 620
169 712
235 37
273 94
637 310
666 415
148 487
845 552
134 523
677 599
658 823
671 459
67 577
795 123
91 664
174 868
326 490
167 216
405 675
174 169
747 887
116 487
525 743
4 918
437 491
826 116
11 569
62 65
904 616
297 257
389 427
207 606
650 106
769 398
776 532
426 15
165 294
261 687
909 413
564 322
70 364
7 203
171 866
106 802
580 425
650 721
852 858
490 384
313 677
287 430
12 496
200 362
486 800
258 160
495 134
766 170
179 515
736 324
575 616
53 327
234 252
761 444
214 20
107 426
783 813
593 732
267 95
393 675
413 800
843 762
474 318
691 739
827 543
900 321
353 863
317 345
420 100
783 725
677 138
190 192
680 183
342 374
96 708
703 175
142 730
418 42
536 322
169 837
522 317
127 384
255 351
870 357
798 198
687 214
771 377
772 198
412 459
785 170
755 768
361 840
793 915
110 103
598 336
518 643
586 654
73 414
748 446
648 347
758 106
546 379
152 162
138 159
110 753
454 82
620 315
875 656
509 351
684 313
30 840
357 499
500 189
904 339
125 887
734 720
119 186
822 767
28 870
650 831
40 291
359 349
156 350
216 497
127 534
52 78
795 150
704 677
22 919
803 432
673 477
745 824
133 514
486 782
453 894
339 753
533 225
6 737
587 220
778 492
364 211
647 167
37 526
328 414
581 789
850 511
826 475
763 802
259 185
388 422
756 269
642 87
749 874
153 451
77 418
521 660
206 62
25 524
58 822
563 344
356 762
258 141
228 117
368 275
229 727
524 898
186 885
690 438
782 188
423 763
591 318
480 911
244 609
893 608
908 479
51 460
288 42
240 79
583 521
614 881
419 53
734 871
228 798
608 311
37 355
389 233
697 29
434 362
614 615
796 176
4 168
240 265
630 543
426 106
652 185
761 729
528 503
121 852
27 611
104 28
102 571
264 797
394 797
280 800
897 577
15 684
677 233
763 603
641 236
136 750
91 536
380 746
563 641
188 35
94 909
267 744
190 176
302 259
592 293
18 542
162 4
227 741
252 629
871 431
108 347
7 289
464 297
705 155
433 449
377 58
495 102
684 894
382 805
280 769
177 16
512 296
229 189
104 367
533 78
658 781
430 159
897 602
892 554
414 631
10 377
133 595
662 83
189 65
338 198
307 588
729 116
24 300
526 890
374 341
32 97
472 800
227 355
131 375
15 704
426 108
500 235
838 62
302 492
388 778
795 529
100 866
150 264
8 423
226 901
177 430
751 758
671 168
30 846
361 662
701 121
189 437
574 267
304 148
701 142
168 710
873 280
369 607
271 282
234 671
115 703
41 763
18 345
397 411
517 742
81 256
444 873
452 750
400 65
656 790
794 382
571 54
493 19
421 385
570 153
415 567
794 495
883 287
838 338
374 183
592 143
907 798
751 185
154 310
256 763
839 82
184 676
317 406
908 735
697 149
867 592
621 724
716 124
226 132
327 770
609 825
97 354
37 457
528 842
275 294
730 296
805 529
850 738
195 830
343 713
207 220
295 382
543 173
723 259
424 519
518 636
270 771
191 643
758 372
449 513
792 381
351 498
839 769
606 20
210 485
726 682
22 165
758 676
548 630
406 417
656 749
303 878
12 549
426 869
749 782
843 860
452 33
273 391
440 741
651 150
463 287
611 160
318 31
197 117
655 713
519 284
897 870
402 382
475 344
580 286
508 69
482 48
117 911
823 529
159 851
349 575
667 300
691 731
839 722
39 441
630 179
434 615
161 412
717 595
248 502
426 99
849 753
153 599
168 110
371 161
764 852
61 253
536 918
52 671
331 361
791 232
534 80
701 395
422 675
45 174
297 747
468 499
732 193
878 521
636 396
909 128
617 220
457 90
868 234
820 663
445 338
126 512
768 303
747 133
784 137
641 304
342 582
842 403
793 377
591 356
496 859
323 659
832 484
763 717
202 67
321 760
469 64
142 510
90 605
251 620
371 165
208 769
727 870
774 717
648 731
132 564
875 755
630 369
551 543
466 205
377 43
576 122
673 247
891 568
797 713
550 224
312 570
6 436
36 172
447 888
159 131
777 56
120 21
223 766
247 18
150 578
422 524
823 231
348 688
734 820
917 610
692 487
373 680
537 818
641 136
187 305
43 379
608 612
744 81
375 825
192 669
38 846
