1000 9895
972 813
996 241
133 909
601 557
51 524
214 232
159 697
878 67
411 660
808 140
535 855
48 683
403 504
119 90
229 566
56 468
777 404
942 958
527 96
391 622
861 694
187 939
922 554
80 441
759 27
562 629
476 587
706 308
321 850
782 961
341 287
970 353
808 348
662 555
535 283
154 370
62 603
32 922
417 908
89 351
531 432
884 705
739 309
796 852
800 415
19 757
541 648
106 781
913 801
589 848
37 505
205 583
921 302
560 602
541 825
267 364
850 271
617 552
253 204
54 775
76 843
367 324
573 505
979 958
983 926
805 983
345 798
73 271
715 840
797 598
637 279
394 91
417 298
509 900
292 638
25 861
334 209
63 829
746 241
512 345
953 313
457 650
77 81
483 390
548 542
54 323
832 678
792 104
495 311
704 820
501 822
726 433
952 366
915 866
533 287
216 390
669 175
104 111
674 199
966 362
95 939
298 51
222 545
523 438
835 360
48 534
412 47
398 110
610 696
95 928
665 937
632 692
815 475
265 283
684 617
296 510
678 865
688 725
943 263
30 932
153 1
972 277
424 259
505 627
316 785
696 175
553 362
511 918
245 230
669 644
892 563
397 65
454 114
368 255
924 374
515 947
992 548
535 428
281 245
904 762
528 710
325 112
577 271
927 343
69 123
590 567
870 871
469 802
788 606
257 146
432 88
568 788
509 70
162 391
438 66
926 311
533 895
561 78
889 585
525 747
266 638
894 474
793 147
372 480
785 791
91 8
775 244
264 558
262 969
471 349
59 583
812 383
941 541
206 517
962 191
893 469
622 141
271 75
165 500
192 574
928 354
473 11
972 91
422 124
1000 276
748 946
308 371
294 954
355 184
874 1000
714 625
805 262
751 574
628 792
991 111
518 629
675 870
105 978
70 876
198 177
523 877
681 153
169 77
540 68
796 254
579 758
784 670
468 95
732 764
969 662
999 822
601 451
537 168
715 327
697 976
936 120
911 706
724 511
796 924
391 472
321 548
213 638
878 768
18 623
315 194
577 747
45 853
28 677
306 259
917 737
633 44
215 474
348 57
982 536
188 914
118 900
417 496
737 207
187 234
405 159
766 934
974 63
288 553
902 443
870 335
484 158
105 199
561 852
852 252
417 60
241 272
574 722
264 857
263 533
637 146
271 62
42 466
81 376
815 701
303 393
927 707
252 487
525 205
42 101
134 413
997 395
43 26
90 361
39 272
227 48
635 159
393 358
87 516
852 916
544 461
66 769
731 529
700 704
704 853
60 359
999 628
891 855
485 938
166 383
501 68
853 415
658 223
278 39
24 831
757 819
98 496
407 976
952 559
580 168
593 835
387 284
193 605
710 26
93 60
774 775
583 441
785 258
771 819
662 59
59 82
334 472
518 436
267 33
90 580
253 152
182 156
185 936
441 278
244 461
233 390
612 592
229 480
712 6
766 217
168 856
669 424
530 878
773 410
495 274
209 141
509 690
80 126
302 781
410 991
802 493
950 733
57 162
60 711
901 503
226 571
78 520
426 41
602 142
17 764
125 627
699 716
317 321
319 695
674 898
346 795
53 327
56 469
655 94
35 865
192 450
678 887
265 728
433 558
251 291
805 478
473 797
759 413
520 66
328 565
810 503
705 203
335 304
800 289
785 51
731 795
58 919
19 647
84 103
191 909
32 522
549 59
562 438
250 442
880 861
952 698
58 745
274 986
150 201
803 108
178 318
36 160
439 56
478 725
453 427
452 48
699 465
757 331
758 572
963 452
598 917
103 329
896 411
41 387
845 920
812 231
978 251
979 814
750 623
865 506
510 420
449 632
124 318
834 192
457 649
157 439
724 713
447 34
570 51
7 954
372 378
394 269
656 936
930 203
678 565
129 552
404 107
333 264
1000 27
858 153
161 511
623 155
809 571
755 275
425 290
152 742
601 953
764 67
639 849
160 177
983 291
877 988
513 755
864 121
4 994
773 867
466 988
545 194
215 522
364 832
517 44
866 414
117 520
274 356
134 756
174 577
651 49
164 639
866 369
298 485
908 622
700 648
64 176
984 107
530 75
256 896
97 790
518 936
334 549
796 778
688 899
782 845
563 94
642 339
901 697
184 849
931 292
166 609
296 264
260 750
176 737
856 113
748 305
364 227
400 985
850 353
417 634
235 287
278 777
617 523
444 609
675 487
239 300
757 303
150 311
641 420
128 785
609 488
333 232
483 711
289 770
567 83
134 106
968 168
509 792
755 32
229 137
953 197
313 102
544 998
11 475
450 217
488 412
454 753
916 430
412 157
802 277
289 334
273 705
679 121
170 91
762 529
724 498
639 885
397 672
40 611
459 107
273 597
924 151
149 295
600 938
678 386
496 244
703 341
136 37
190 888
122 146
584 931
392 256
531 156
882 696
756 712
153 678
688 833
265 528
126 709
577 317
353 319
528 517
925 541
107 232
844 723
149 515
577 456
939 737
766 516
363 19
737 770
520 888
739 332
154 474
563 954
35 373
164 87
59 363
529 143
119 968
870 768
248 15
581 179
230 419
420 485
949 703
549 469
713 862
59 73
443 214
563 713
90 609
434 559
151 375
851 322
585 402
380 762
76 739
917 51
115 127
958 641
556 764
278 631
137 609
656 323
992 363
688 116
963 186
252 147
769 405
128 27
688 195
581 664
307 559
822 146
842 884
811 143
445 901
284 261
802 454
401 487
953 82
848 392
21 973
464 385
472 908
180 69
878 20
119 718
192 539
925 445
89 133
187 784
981 975
78 719
429 691
838 529
217 105
326 742
701 263
5 272
763 50
800 56
711 178
731 528
554 251
479 382
597 71
65 478
28 198
377 476
69 510
741 606
970 331
656 431
527 880
207 352
652 563
601 429
986 753
623 772
115 705
645 482
156 721
175 375
179 880
844 582
828 67
184 330
403 888
577 325
460 895
410 164
608 573
843 390
936 228
701 828
758 823
260 678
240 544
386 332
63 724
429 426
659 949
77 504
561 427
927 76
343 277
788 646
236 971
846 436
832 706
873 506
600 606
504 371
486 263
604 126
822 429
290 242
935 710
59 819
522 441
881 769
745 176
582 557
567 411
182 46
438 341
603 431
52 479
91 115
328 671
416 834
212 805
581 636
431 517
233 774
394 77
953 253
539 884
265 3
945 609
806 418
772 726
339 663
847 998
787 856
693 116
588 366
479 47
588 704
80 300
208 753
212 729
982 461
51 349
549 742
678 970
717 944
297 61
243 793
463 968
964 863
629 608
796 176
286 962
412 649
565 509
113 406
444 26
744 624
835 859
848 734
813 612
761 211
774 123
304 572
508 820
758 224
942 491
512 864
106 779
916 803
663 407
904 574
944 763
842 278
116 471
797 818
610 153
429 398
197 882
783 927
736 236
220 53
167 542
2 787
506 777
286 203
659 687
458 916
461 31
957 890
580 235
929 437
159 488
737 464
315 550
228 205
635 808
345 431
774 78
833 642
834 765
542 58
164 932
917 534
669 173
34 868
75 336
811 100
636 23
345 250
682 219
276 520
660 758
743 839
48 886
655 445
416 778
734 670
62 283
445 113
838 744
195 886
87 700
184 389
493 645
795 167
944 859
282 798
464 917
265 580
857 994
2 401
922 814
635 277
545 525
88 208
736 588
184 739
793 571
829 205
260 288
50 52
567 633
770 797
917 602
314 641
794 792
480 249
718 622
221 174
780 117
766 346
516 591
75 681
315 390
667 941
427 576
512 618
758 641
441 476
918 862
453 990
559 600
471 136
897 977
400 535
224 843
343 434
812 91
81 231
279 886
216 890
883 22
557 297
437 91
993 731
980 967
910 538
432 494
99 632
129 523
264 782
194 211
416 217
345 165
626 238
5 25
152 707
816 602
568 203
570 921
534 820
385 835
333 525
320 404
564 191
674 971
271 363
833 170
88 799
587 455
364 940
893 847
477 755
792 689
387 247
812 844
407 232
65 186
674 685
783 381
171 634
579 760
874 648
856 403
733 695
607 174
448 133
602 554
16 441
986 653
438 992
960 96
588 600
883 664
978 380
117 208
814 238
943 974
948 208
107 422
419 98
115 947
461 739
670 567
136 832
672 626
33 996
822 676
921 149
334 450
228 577
706 849
514 28
629 855
477 458
962 682
599 547
927 248
965 309
446 98
309 305
183 280
884 187
581 869
814 871
931 330
825 723
599 727
7 223
465 172
233 920
788 432
858 607
424 867
523 133
372 629
284 663
485 306
180 583
966 835
860 450
111 200
538 586
613 54
587 935
513 792
199 405
110 16
366 510
574 675
855 846
242 776
38 876
260 56
133 72
263 421
854 2
974 609
677 523
324 805
274 14
347 588
42 242
17 304
402 234
665 784
65 44
53 515
937 240
791 757
494 751
330 992
874 861
781 319
451 21
624 876
833 39
682 324
991 466
523 956
109 951
356 859
639 428
678 171
235 922
677 79
912 501
350 377
268 436
128 751
168 224
978 721
466 509
982 989
970 957
183 952
115 542
488 748
733 458
291 75
516 624
986 759
262 440
465 716
652 112
505 579
714 265
163 5
336 433
611 643
345 418
435 857
777 658
116 146
998 208
374 862
290 243
43 457
832 626
836 26
879 420
937 997
703 714
860 508
124 395
475 979
459 502
591 385
223 31
826 454
172 785
781 957
543 290
900 935
237 821
163 558
661 307
489 572
588 280
406 114
77 797
617 312
655 186
906 244
307 808
699 718
152 571
229 563
982 83
839 318
553 593
459 50
21 807
481 606
423 599
264 834
66 240
268 532
765 562
17 284
314 744
716 154
464 539
670 639
378 49
946 56
416 862
201 728
964 431
576 956
574 155
89 307
921 608
832 325
705 201
279 90
880 113
537 944
932 816
16 385
58 516
560 718
932 6
18 578
735 723
408 410
822 514
600 366
68 460
106 155
378 612
162 665
280 724
297 666
907 569
690 419
927 288
757 329
280 835
667 625
465 441
327 855
416 876
400 556
624 305
116 246
262 198
436 247
864 240
24 503
562 840
135 477
655 730
534 888
967 868
91 33
788 505
831 293
651 899
542 59
320 600
307 614
823 566
388 813
707 9
526 591
692 371
199 349
726 150
484 773
164 667
555 90
919 533
721 374
181 660
610 550
942 985
925 277
916 968
60 442
298 483
981 46
529 357
433 584
514 723
435 134
408 826
726 850
895 889
854 798
312 554
469 933
226 240
245 148
273 321
24 889
294 601
641 579
10 820
936 966
537 573
809 288
171 779
546 821
943 821
505 281
322 929
841 151
570 567
736 427
25 450
482 571
802 538
182 312
719 67
810 813
760 144
745 476
84 714
107 731
440 950
152 964
349 698
336 519
870 68
817 72
516 884
837 389
286 149
569 991
436 546
738 714
206 76
577 840
972 515
388 381
115 18
618 391
621 996
850 818
727 152
431 591
703 915
462 519
446 136
950 744
823 538
826 298
688 263
449 277
123 250
967 943
843 741
700 874
811 67
632 612
35 989
159 771
385 271
661 589
275 254
683 141
242 375
688 613
372 982
843 963
256 66
424 339
333 925
411 127
587 454
53 558
682 478
703 420
687 803
50 356
268 691
257 646
352 516
795 130
361 152
943 122
32 854
127 231
865 474
773 711
577 462
168 851
504 814
670 849
895 226
198 86
127 116
184 640
932 207
956 213
315 199
387 690
176 655
438 771
918 25
7 282
429 68
659 923
383 653
757 400
483 775
279 582
727 632
893 848
14 785
520 694
903 237
700 225
894 106
275 640
457 613
976 531
977 366
139 562
577 852
928 854
150 694
24 47
831 492
786 671
180 690
767 734
574 582
619 809
962 508
800 527
673 887
11 360
217 691
538 587
30 422
836 340
964 417
215 889
89 762
54 441
77 888
302 871
322 97
450 938
379 112
365 61
100 190
319 668
269 439
731 372
769 599
223 48
136 116
619 759
446 797
473 149
972 846
616 291
209 755
400 456
290 852
597 69
819 100
786 941
839 153
787 514
938 634
467 190
583 148
124 789
647 701
844 576
496 734
870 960
602 958
183 955
62 876
46 113
782 549
527 283
935 781
37 594
810 850
279 501
211 419
747 181
585 82
894 164
37 547
721 530
940 820
535 863
638 169
140 812
548 177
162 340
992 43
44 144
471 179
552 707
2 700
409 678
907 99
512 369
3 58
699 773
828 999
498 510
112 531
543 412
637 81
882 344
613 216
81 447
636 303
357 282
202 844
703 129
939 48
905 90
579 89
47 599
29 40
712 374
108 551
717 251
938 248
691 544
428 714
565 7
731 291
200 697
934 324
207 770
907 956
527 511
796 756
477 536
867 1
995 84
133 333
62 381
429 550
605 653
825 501
43 592
852 794
31 647
808 320
757 867
350 459
545 615
17 206
239 849
207 247
482 818
508 822
681 496
365 647
885 112
903 625
335 83
304 397
288 726
731 713
273 390
348 990
297 520
740 804
338 164
727 706
874 370
103 100
395 183
105 991
942 203
33 931
896 495
182 204
25 7
427 759
78 42
546 611
606 598
20 782
184 281
372 259
837 305
363 339
573 727
426 1
278 573
909 757
822 62
589 353
846 176
988 705
369 279
301 662
820 954
753 489
436 899
366 452
190 150
431 648
631 12
860 570
57 195
223 362
830 454
708 998
52 66
610 692
646 308
544 298
271 549
543 948
344 256
532 315
19 232
133 272
473 205
844 452
807 720
900 54
425 82
722 1000
743 726
486 398
196 811
322 506
127 381
330 977
246 69
122 95
875 375
198 216
829 90
528 683
583 207
16 351
786 367
683 765
564 396
163 273
187 375
903 597
227 918
690 98
373 98
241 962
773 507
872 828
373 273
102 241
823 179
76 788
900 936
155 796
824 942
127 663
292 952
646 539
956 391
799 609
867 804
742 432
813 527
551 666
879 761
348 375
149 130
941 486
263 254
180 552
717 383
148 78
975 699
778 197
944 37
928 698
836 83
267 840
399 153
826 201
702 636
295 190
152 440
355 659
392 487
836 482
12 668
551 841
829 871
343 186
835 42
633 825
698 382
238 47
885 840
560 371
782 470
768 352
753 358
702 297
874 437
823 250
750 53
697 431
186 940
557 747
355 47
726 34
322 316
786 143
756 893
767 422
725 490
800 31
860 979
985 134
289 691
438 708
84 43
656 91
782 812
991 670
994 174
795 419
580 843
796 920
314 675
791 151
225 68
541 844
727 789
563 812
430 245
417 682
684 616
93 69
165 584
962 902
881 318
638 478
167 595
278 808
712 422
121 501
582 282
819 628
548 158
681 635
97 364
153 434
941 441
306 752
181 452
188 788
286 868
404 101
43 495
211 597
909 684
695 255
668 873
53 221
249 802
363 987
146 639
156 208
371 776
992 209
891 449
52 373
751 53
370 112
759 718
464 501
962 364
873 863
180 465
76 162
650 145
630 712
388 117
172 732
691 628
764 390
982 53
551 32
318 814
282 515
265 343
17 644
471 929
535 556
539 548
199 987
810 140
574 253
562 733
869 943
513 452
821 524
566 590
919 639
62 416
670 803
291 926
666 420
611 201
577 425
135 529
47 325
35 389
18 717
222 821
353 58
528 258
654 454
219 721
382 191
311 225
187 447
351 736
254 501
864 281
616 986
561 351
852 298
965 245
396 304
269 574
879 595
292 865
186 236
115 830
778 7
794 495
153 29
10 446
391 111
771 981
811 544
67 304
451 145
180 625
471 895
456 249
581 839
12 582
340 843
622 890
755 108
148 6
67 110
431 913
693 302
320 394
894 353
387 788
65 593
781 955
751 73
294 314
846 887
671 392
105 449
730 156
509 575
367 961
221 670
869 271
787 500
75 262
756 919
398 782
678 894
577 229
95 984
631 186
942 963
928 29
506 505
969 999
786 215
791 682
294 966
626 578
544 493
568 483
363 289
131 167
957 15
913 105
92 912
588 813
866 171
666 675
62 604
342 700
683 656
361 546
362 269
861 885
884 650
787 986
865 227
11 777
672 589
94 8
64 864
148 486
19 982
115 877
172 284
852 334
67 526
399 727
71 858
920 486
67 671
27 977
417 444
698 807
864 3
383 981
519 343
67 300
214 589
492 807
486 854
422 574
349 630
814 736
430 745
663 201
493 395
920 51
163 639
20 220
39 144
149 432
800 584
474 251
581 448
223 452
532 65
947 568
90 11
695 634
844 144
367 997
479 255
355 933
748 564
588 141
554 269
347 537
773 45
354 375
545 198
913 410
809 729
437 568
22 670
424 377
77 609
299 430
692 2
252 521
644 173
147 655
388 355
778 983
820 366
867 451
190 674
895 891
44 759
995 849
210 523
249 87
950 707
71 506
511 243
573 84
978 516
301 369
709 372
505 430
733 366
849 838
244 845
117 249
482 582
195 283
884 797
261 788
499 313
616 839
853 550
858 880
254 13
184 947
372 88
174 338
289 548
571 202
974 181
615 189
327 821
919 714
404 66
315 377
443 428
675 201
345 750
384 62
573 762
189 805
261 488
525 631
855 464
324 264
417 186
564 267
481 989
17 781
458 873
42 360
719 566
299 75
356 8
877 666
255 794
458 760
741 187
544 617
212 975
5 76
180 109
864 730
294 221
134 426
873 924
13 571
659 249
522 771
564 186
88 883
144 709
347 658
900 132
683 796
902 574
798 639
666 768
531 160
456 838
194 496
70 865
754 506
916 861
352 518
683 570
278 370
943 4
526 20
909 436
520 283
277 570
652 410
191 880
287 369
532 796
785 136
336 808
981 948
197 21
876 703
277 141
894 179
548 8
896 569
823 150
699 428
149 963
885 329
154 875
46 309
588 122
106 96
392 824
658 715
461 962
952 136
561 28
85 950
746 16
214 538
984 933
875 393
113 411
641 53
884 309
8 918
150 561
890 950
873 60
183 263
584 41
12 562
54 157
203 629
648 710
497 784
6 16
446 219
85 633
765 487
147 154
76 332
157 13
17 634
768 222
54 447
886 756
237 607
655 163
747 962
472 912
470 431
865 975
195 969
248 951
708 575
914 122
949 307
873 388
226 882
322 257
86 238
916 531
521 101
184 420
284 197
36 614
904 970
578 225
541 491
874 856
527 808
530 124
605 728
255 451
166 368
173 588
848 366
839 155
273 382
576 881
259 191
499 546
836 675
728 44
340 434
311 371
204 737
758 152
409 255
213 541
552 137
131 774
286 422
886 29
558 18
64 338
248 47
926 598
709 110
68 378
895 375
842 321
335 691
310 427
148 434
780 143
448 672
712 813
632 295
181 438
280 252
936 917
719 938
354 970
922 328
962 653
444 660
799 2
471 77
328 933
935 706
457 519
885 591
153 318
444 779
736 694
485 113
219 13
143 730
834 664
559 883
458 862
699 884
920 71
684 224
997 103
803 690
717 104
691 949
637 177
164 787
316 500
716 439
204 99
151 612
946 684
85 224
851 337
631 181
237 374
334 816
208 644
227 416
799 878
801 497
363 288
349 110
187 542
633 706
99 250
106 706
216 62
354 558
74 420
383 178
165 971
536 753
387 65
316 105
390 800
464 828
362 507
952 609
610 69
995 645
280 624
527 546
628 645
853 656
698 595
36 94
735 732
480 64
297 526
226 444
654 594
490 121
606 843
573 386
743 86
67 753
712 762
827 152
426 656
540 694
909 529
489 48
200 61
846 404
993 864
484 381
157 433
105 96
893 903
295 263
152 47
814 737
486 438
604 205
396 906
699 803
793 298
246 834
224 155
806 736
149 447
833 646
501 816
321 426
564 530
342 448
146 727
842 904
220 996
430 246
159 105
401 4
731 400
803 575
553 912
350 990
337 37
474 605
212 539
838 947
342 162
90 443
364 814
392 9
142 117
623 388
459 979
227 79
653 599
677 337
753 43
536 559
613 527
227 476
159 19
340 165
409 942
952 799
827 669
511 924
368 102
188 465
830 768
118 22
924 477
891 786
450 596
103 24
660 766
143 619
735 909
643 563
427 644
706 645
924 332
411 291
342 729
930 590
700 491
919 387
481 59
407 791
675 575
213 612
248 46
25 342
244 846
761 92
338 247
671 759
728 915
512 832
845 708
420 273
921 268
741 947
559 262
762 382
374 584
358 77
289 586
163 113
720 882
814 944
452 17
715 925
747 386
188 635
963 423
746 61
912 276
106 412
767 961
551 660
129 67
684 507
797 564
839 391
21 79
510 453
349 601
189 804
262 48
971 766
662 433
507 318
94 754
774 46
635 570
122 731
393 1
341 955
473 371
536 79
935 121
96 710
320 714
742 589
252 473
971 887
651 543
467 762
48 552
892 169
380 373
402 115
422 118
221 738
100 788
375 434
913 389
604 644
570 532
645 70
761 595
283 141
854 196
730 350
622 864
860 941
710 391
268 686
126 718
217 306
827 697
790 559
173 615
265 612
602 647
87 973
736 765
311 505
376 27
138 992
601 453
784 803
841 342
911 586
903 554
11 626
140 86
490 415
413 69
188 842
836 622
233 439
734 554
383 313
115 951
576 419
280 736
723 180
210 929
546 711
659 924
842 298
956 310
618 181
727 629
177 441
215 321
17 201
645 990
940 994
906 862
67 63
408 661
37 878
359 421
10 250
966 933
551 521
328 793
517 649
587 142
32 748
138 232
579 320
779 130
485 173
87 105
717 498
594 383
25 904
898 634
821 436
224 424
774 10
831 207
501 744
927 568
397 541
90 81
608 414
937 568
129 619
459 300
100 445
928 277
639 903
711 506
233 591
161 442
289 365
790 911
458 620
720 87
847 351
351 507
479 54
905 43
281 961
506 368
259 738
21 783
905 180
708 591
123 505
820 1
218 479
240 187
222 511
62 324
853 71
639 586
738 224
435 82
274 300
147 710
739 32
402 859
709 920
322 544
126 746
236 94
19 512
682 320
499 948
109 633
134 290
140 235
880 216
723 882
886 450
889 94
709 331
286 532
35 276
916 363
699 915
999 54
359 215
987 726
144 396
735 520
576 399
560 516
743 45
771 838
86 12
392 869
68 138
585 32
24 542
510 291
89 902
332 519
723 430
172 88
249 571
736 35
638 626
389 240
656 676
751 373
869 218
923 990
121 866
552 996
294 425
663 784
998 385
584 469
802 116
342 421
590 207
316 704
578 751
618 764
933 607
860 593
866 905
618 527
692 266
177 835
252 257
822 693
368 270
167 360
407 473
449 67
583 672
786 834
588 250
290 917
387 637
916 577
21 803
248 835
397 372
911 929
899 910
796 30
281 197
834 376
710 463
390 289
348 516
679 576
355 468
417 901
606 159
922 304
295 924
939 812
553 162
58 512
903 626
390 579
852 106
581 340
567 897
111 517
421 515
244 154
151 382
101 575
84 835
909 814
966 713
720 919
849 565
847 38
193 146
627 101
898 176
576 282
51 143
906 647
120 134
983 919
510 351
348 366
444 697
195 229
768 859
16 976
971 836
493 504
578 958
305 328
979 677
15 557
238 308
864 867
976 877
480 636
813 918
845 69
591 609
817 492
659 257
563 360
497 168
726 315
621 687
293 660
42 404
99 349
228 447
406 524
674 817
470 468
18 173
111 482
78 665
464 733
981 968
138 530
207 333
783 70
125 642
588 30
165 315
166 76
792 555
904 165
213 47
35 771
566 749
194 957
249 379
416 894
635 720
411 181
875 360
910 153
568 368
877 282
516 240
790 499
792 888
188 65
465 844
598 412
910 960
880 145
535 421
829 200
348 438
900 629
704 30
867 506
64 509
447 938
927 348
940 729
153 185
749 281
185 520
537 291
849 529
719 652
373 399
984 604
306 632
490 237
715 924
954 316
385 79
374 875
620 535
508 281
769 225
914 906
275 616
187 720
521 832
996 550
758 653
997 843
552 670
493 476
37 986
276 6
857 869
315 744
876 71
628 216
684 26
65 622
137 297
375 841
694 967
552 956
772 629
848 275
896 36
46 842
216 669
358 1000
294 500
74 839
275 36
994 916
319 791
748 651
691 135
103 956
860 537
363 572
713 809
787 46
990 747
808 991
691 650
13 906
658 321
647 271
626 461
709 786
817 980
213 195
821 900
478 57
246 53
378 117
410 982
342 536
878 702
682 365
761 79
631 898
45 894
598 329
415 697
291 999
164 383
957 422
279 158
28 414
87 957
36 945
532 798
292 27
274 661
22 228
973 956
602 921
908 253
641 990
187 404
22 125
944 553
687 355
121 152
361 649
988 290
747 576
387 711
743 8
70 434
326 968
462 56
390 309
975 116
123 150
510 260
811 569
882 124
372 774
67 345
619 292
664 311
250 833
90 538
788 351
440 709
926 552
480 710
360 380
837 758
140 618
141 831
935 681
116 857
320 922
161 238
396 851
994 575
685 851
47 718
86 800
824 393
475 478
21 699
205 174
928 423
786 957
824 376
99 260
869 488
798 812
13 716
983 368
949 384
312 59
773 210
160 11
939 246
498 922
878 393
22 725
514 76
260 74
223 197
709 869
856 679
948 255
735 145
20 645
846 730
887 506
58 304
543 798
658 52
821 920
616 438
635 498
874 838
969 554
970 373
771 380
40 242
83 692
123 695
307 150
917 955
165 934
495 675
294 522
61 245
253 621
886 451
933 306
684 342
191 493
266 545
249 879
638 499
988 262
79 247
651 359
952 740
714 306
555 890
650 538
764 684
301 234
586 840
346 501
524 134
604 116
145 791
629 413
212 326
909 717
72 428
551 556
920 218
318 337
124 384
911 484
551 957
342 961
815 888
119 415
321 460
124 503
354 524
134 342
284 359
88 608
181 921
399 86
734 906
32 470
825 287
610 543
523 608
285 621
325 576
255 643
594 819
351 252
189 241
491 489
259 511
886 146
282 772
453 723
126 519
386 998
95 264
615 570
728 155
377 115
822 805
520 40
420 25
95 409
140 136
987 791
382 847
3 128
562 433
451 562
572 122
420 511
334 285
724 173
373 313
527 706
953 645
628 257
258 353
44 338
27 548
103 241
39 208
999 315
287 911
384 166
607 822
37 159
206 117
119 684
559 563
316 931
686 585
215 249
646 861
794 186
353 624
580 209
323 72
297 354
589 285
557 319
924 710
347 207
587 917
454 652
626 885
243 447
9 219
998 573
30 355
252 439
40 767
612 439
852 646
635 894
180 59
720 16
167 271
262 545
564 161
200 808
192 712
174 584
673 383
730 376
667 345
406 687
687 778
929 582
573 201
581 355
598 290
726 855
511 111
437 840
886 304
979 441
585 978
931 570
288 552
342 735
910 950
224 406
886 408
689 636
546 991
639 240
987 883
239 742
476 244
900 630
525 95
106 873
412 824
896 673
374 569
638 267
140 914
842 308
76 784
884 911
885 370
943 534
802 902
201 277
850 122
642 447
266 219
841 837
522 898
718 189
225 504
194 617
163 830
203 765
149 255
686 462
671 158
316 520
397 789
509 785
827 372
132 582
78 318
445 434
962 405
730 873
437 421
800 837
29 123
33 120
803 588
664 390
739 586
939 124
446 28
323 467
587 526
643 880
934 305
717 191
864 733
481 959
77 646
726 183
109 79
551 56
132 154
117 580
722 678
134 568
651 622
143 314
312 894
890 311
309 578
319 581
622 870
660 519
809 843
458 187
209 617
472 499
364 65
403 903
723 634
265 303
616 490
598 334
716 35
663 134
438 67
696 433
435 391
865 334
938 997
576 135
460 850
45 828
174 32
47 274
106 826
842 118
914 555
812 974
224 289
340 383
343 552
166 153
597 856
419 104
516 410
519 613
461 669
10 567
799 245
654 520
141 459
951 164
521 897
172 487
559 661
413 971
875 800
954 209
936 956
96 201
760 32
210 193
999 323
287 839
354 178
651 224
253 494
110 329
943 478
381 38
569 728
822 250
182 57
242 976
189 695
6 23
9 305
946 978
712 240
436 976
169 571
920 925
358 917
768 209
994 953
426 61
856 906
712 430
454 615
570 980
554 305
826 442
20 501
919 747
862 240
726 211
436 357
277 935
351 10
796 389
49 776
382 660
492 204
700 617
477 672
230 984
284 192
365 491
882 727
442 824
792 659
703 455
853 54
47 99
801 603
804 622
22 935
979 384
140 278
364 308
93 274
774 989
408 742
406 433
41 630
562 315
230 661
451 712
107 90
236 382
308 915
460 886
500 187
98 62
341 633
931 814
405 690
867 565
409 109
87 101
943 1000
123 773
714 416
166 819
408 307
427 625
508 636
549 498
789 323
645 943
281 212
210 18
85 998
410 496
729 726
90 588
716 776
555 650
442 534
423 346
561 61
135 102
84 638
286 214
859 816
110 506
336 339
402 610
883 39
318 342
768 927
181 198
384 872
501 857
420 36
51 742
87 252
768 14
845 48
80 118
853 303
797 397
13 670
56 255
628 516
171 222
725 937
211 119
468 628
911 42
181 777
57 795
366 271
26 842
562 776
579 890
691 596
207 702
891 45
839 453
472 141
606 464
164 579
661 753
832 445
560 882
777 492
282 914
874 808
602 347
752 324
1 826
56 315
552 910
334 934
960 273
703 507
389 623
13 179
820 261
161 896
715 473
97 770
169 397
53 87
407 927
619 901
321 730
490 307
883 824
829 162
316 475
10 794
687 196
322 804
737 835
538 276
595 349
444 375
432 343
785 341
314 871
975 808
322 779
230 403
184 809
477 362
499 462
762 456
761 843
585 113
896 484
932 482
112 449
906 645
300 116
284 785
72 235
181 407
917 3
850 38
813 178
761 219
214 577
234 259
735 508
292 615
152 50
267 803
636 833
42 737
544 867
671 330
931 409
940 345
445 597
47 641
161 6
253 880
789 652
901 322
545 504
854 354
985 753
772 689
902 820
796 303
51 480
848 230
727 589
906 394
199 121
536 899
912 722
497 761
368 762
164 615
882 652
773 971
388 367
971 241
40 828
277 689
562 737
100 544
545 462
108 91
723 974
905 573
283 369
486 856
306 50
799 882
58 947
443 887
118 823
871 335
49 284
729 338
268 122
188 161
830 752
173 179
653 105
325 8
769 985
959 612
614 390
373 658
968 276
785 450
552 467
738 482
166 891
704 318
558 73
135 136
27 515
102 69
71 826
920 454
296 544
704 429
281 140
948 140
146 882
148 228
168 762
872 622
798 378
267 254
954 183
941 370
338 705
711 860
472 747
107 908
475 992
438 276
828 932
410 632
64 857
656 637
663 858
610 856
405 582
542 982
121 905
222 114
399 24
863 583
773 363
579 20
816 706
394 440
750 79
256 393
755 503
276 580
155 701
82 887
483 536
929 918
325 741
570 928
974 120
105 46
143 261
237 426
75 83
523 683
908 699
930 683
401 63
226 76
597 171
598 220
285 709
511 957
705 26
159 468
257 521
311 506
484 233
359 462
344 861
967 271
109 547
572 221
531 541
615 793
637 801
199 566
496 519
29 781
832 929
369 530
154 85
83 105
70 289
400 829
111 575
258 439
524 958
687 466
391 241
233 325
594 762
452 993
823 146
680 132
940 846
271 880
999 493
452 112
438 39
978 40
391 919
82 700
879 280
367 500
902 289
832 621
290 500
656 699
34 227
808 223
592 569
581 767
655 536
110 313
683 291
601 686
53 39
54 256
544 538
232 86
621 740
323 289
215 919
474 191
796 656
421 767
21 554
319 821
670 921
551 78
937 590
864 762
761 786
409 287
845 542
469 105
414 682
293 315
187 808
829 729
139 909
691 744
695 860
78 838
216 183
209 774
587 105
683 538
742 290
445 291
880 76
793 587
814 307
597 929
874 614
480 478
969 266
59 286
885 102
210 862
384 698
657 421
550 680
511 260
179 534
771 826
809 499
893 486
687 256
932 463
836 590
386 503
893 782
888 331
663 734
318 850
119 714
750 600
831 441
305 463
917 192
777 629
940 231
628 296
362 539
860 270
43 236
171 51
46 785
216 680
488 77
811 227
961 289
725 617
122 542
664 511
194 18
503 28
730 64
217 947
843 675
754 191
141 829
683 83
273 786
350 768
721 412
631 199
138 716
360 564
408 950
406 641
27 220
283 118
66 890
585 730
89 395
911 789
790 635
151 183
796 136
579 552
156 879
150 261
35 582
161 903
80 721
604 491
951 605
37 141
404 640
994 224
188 47
995 649
779 980
67 838
107 57
679 675
131 985
499 691
38 95
84 191
40 413
277 336
716 778
558 195
357 898
747 6
399 685
336 899
888 432
465 289
269 605
755 640
573 527
559 588
374 770
286 160
516 881
152 979
776 990
341 720
751 293
458 924
885 559
651 43
124 311
826 994
641 113
950 485
418 202
592 513
257 328
884 361
275 638
315 574
984 902
524 394
863 1
488 26
608 379
252 604
721 60
647 460
625 222
890 861
82 622
104 970
234 693
109 327
743 256
42 256
152 320
691 917
503 115
277 649
475 722
42 403
80 226
977 884
952 86
899 561
452 788
366 296
683 166
688 624
63 328
856 754
947 733
808 629
769 913
169 189
920 611
995 233
861 656
455 419
147 658
900 60
792 605
189 19
652 608
784 541
88 954
530 49
786 71
154 599
218 517
771 297
844 337
211 538
377 412
395 525
787 936
71 352
922 822
886 111
317 800
155 141
709 750
433 291
17 172
36 920
438 540
754 693
573 111
296 997
539 35
297 332
433 188
144 41
788 770
187 397
244 842
580 748
652 209
266 532
269 671
295 739
22 57
315 33
848 559
762 378
505 659
257 232
295 624
97 489
244 104
7 444
282 333
600 448
338 469
896 449
969 682
846 325
889 998
157 480
20 808
167 651
24 427
812 188
967 660
855 382
616 608
890 927
559 838
599 885
727 288
341 613
214 477
17 887
470 843
205 54
778 94
683 343
397 231
705 347
394 441
337 801
142 827
808 819
626 230
293 693
590 437
668 455
618 578
325 740
899 557
846 594
960 525
472 215
380 480
810 3
976 295
264 227
981 90
268 731
370 247
326 353
623 533
915 324
843 19
712 344
799 802
726 774
145 49
878 701
923 78
601 88
175 245
214 905
329 317
365 551
518 909
724 402
1000 986
213 915
452 701
700 395
391 259
562 484
292 149
331 761
444 312
176 646
924 933
603 865
418 735
182 364
241 992
442 201
650 914
941 145
390 665
174 154
746 891
50 818
125 366
107 303
901 803
653 366
676 248
664 953
276 455
3 521
421 826
104 582
49 251
838 840
290 231
736 27
993 940
836 46
621 816
992 356
901 598
794 550
48 396
285 465
252 164
841 577
237 952
385 507
9 311
673 776
216 717
370 106
741 73
731 431
470 49
697 243
934 400
630 851
186 616
613 911
6 311
473 508
809 634
340 179
761 785
725 694
651 575
308 426
413 675
649 82
192 597
227 58
469 217
306 606
950 920
365 344
863 489
49 927
247 852
854 228
605 674
679 459
22 970
408 980
535 264
350 470
541 407
464 853
782 867
334 48
278 130
942 357
589 976
494 602
576 229
343 601
770 221
537 766
278 765
874 124
154 182
118 751
239 342
914 668
709 801
184 897
872 890
629 130
206 237
559 683
67 681
181 433
770 366
84 511
738 538
478 769
651 177
798 288
84 632
358 363
361 21
438 435
263 316
51 970
140 521
897 130
898 637
2 550
668 843
464 169
82 760
842 565
471 430
39 234
834 767
858 280
401 553
25 517
60 874
488 477
87 367
34 857
91 872
173 758
744 46
372 420
178 684
68 616
806 298
463 701
651 603
691 598
252 652
273 785
703 263
597 256
912 744
300 422
18 103
221 620
38 98
761 527
133 438
145 38
744 859
240 42
576 948
759 157
541 458
464 930
686 456
187 122
771 349
521 190
923 54
9 602
853 441
142 478
904 853
535 413
115 676
966 178
191 951
106 993
583 369
779 189
754 737
867 450
801 816
487 429
555 957
370 701
405 394
615 578
233 371
842 287
435 671
205 717
757 416
615 6
323 670
486 254
309 607
291 508
917 400
59 904
116 79
274 916
284 787
391 73
513 355
471 255
110 549
7 121
998 244
309 369
811 915
872 643
154 590
581 805
658 786
453 690
668 687
10 1
720 358
116 515
446 148
301 655
308 221
631 449
560 334
854 352
967 963
308 76
844 142
55 977
460 135
8 256
762 515
119 130
800 812
986 423
792 384
481 513
490 849
644 260
683 822
846 742
173 860
669 887
393 420
271 399
546 780
314 609
879 853
526 147
268 647
227 336
363 754
273 168
807 559
226 136
359 420
877 423
679 753
404 677
831 903
905 652
317 536
936 22
535 22
780 415
432 373
178 329
813 290
37 386
828 499
524 916
266 996
874 337
894 148
201 137
292 848
644 525
793 973
652 48
728 694
713 38
400 753
664 606
257 24
866 540
210 216
709 178
12 294
205 467
632 65
44 87
465 46
267 240
585 333
712 656
237 578
746 216
820 583
865 51
531 524
941 825
493 361
313 3
869 30
228 234
232 237
12 667
604 861
68 273
200 395
133 187
94 759
612 368
704 875
602 758
746 506
15 389
454 751
228 309
803 990
38 889
994 515
901 53
389 225
559 734
985 380
273 840
240 261
243 698
743 781
209 638
787 82
344 483
221 547
437 614
39 758
939 428
805 267
454 22
458 166
294 768
5 497
36 735
239 944
493 608
380 624
244 538
154 270
136 269
725 213
344 286
857 965
749 303
587 220
329 316
771 405
739 489
26 324
321 640
18 736
558 798
417 818
1 435
844 939
371 439
120 885
250 504
306 310
127 850
918 17
338 103
185 552
443 224
409 944
600 477
419 331
441 263
828 757
791 483
150 489
820 476
686 271
120 194
999 380
196 127
666 925
953 412
609 258
239 187
663 549
449 909
177 670
304 43
631 55
510 490
684 107
354 770
688 110
137 760
561 95
902 65
698 426
682 983
76 330
829 900
538 595
725 595
63 92
195 364
531 774
519 391
794 872
526 527
620 257
750 105
164 884
881 462
679 23
300 447
200 788
276 713
26 740
47 782
229 663
365 343
113 134
938 832
415 520
571 878
633 665
425 828
887 276
908 959
400 238
645 488
942 362
502 429
395 933
88 145
149 670
101 693
191 995
947 321
291 229
843 432
641 171
279 412
71 734
499 503
796 665
661 485
642 51
223 900
10 441
102 3
729 731
199 754
111 819
438 1
462 395
581 959
874 75
840 247
224 780
741 313
72 464
471 56
675 586
55 697
242 864
386 524
898 752
410 768
163 584
574 618
522 129
391 552
30 504
532 90
160 968
512 413
15 509
901 508
704 962
258 780
32 379
416 26
398 414
113 64
167 359
705 644
506 401
843 818
520 367
666 372
26 760
190 943
122 865
515 991
178 911
622 946
420 976
277 809
960 741
448 393
502 124
469 365
843 16
921 766
577 108
106 716
123 742
718 975
760 534
540 135
222 764
374 469
306 13
378 651
348 807
314 755
810 540
191 986
211 105
452 773
514 264
989 42
681 265
678 690
656 57
175 627
288 861
970 809
55 217
206 351
616 993
694 432
841 988
969 151
757 1
244 389
63 579
465 432
853 877
453 415
326 679
560 783
298 592
771 221
944 418
29 704
802 832
146 924
332 407
300 405
410 757
927 840
537 134
155 775
797 332
466 572
341 560
603 389
916 46
699 918
156 491
376 689
644 878
18 388
309 131
293 526
423 191
941 958
946 872
341 786
863 765
123 70
622 108
323 681
167 762
536 791
476 842
263 884
123 55
730 213
270 48
293 497
386 565
367 704
425 201
728 430
835 626
29 471
730 324
948 179
252 512
134 882
269 217
734 279
607 47
311 610
131 136
70 491
926 650
383 92
757 847
369 518
244 950
562 367
635 303
446 898
468 190
771 457
738 44
131 934
353 10
740 994
676 330
110 906
550 359
776 416
979 155
248 143
525 91
193 530
951 321
829 315
991 576
816 460
11 810
787 209
214 791
140 765
689 163
306 629
881 62
205 321
187 218
279 682
798 494
710 650
859 716
668 212
852 937
730 595
970 495
417 194
128 155
937 923
206 964
264 587
419 541
764 805
416 501
513 921
401 881
7 915
599 85
379 254
217 719
848 423
722 384
9 251
686 799
433 935
198 737
734 951
648 926
78 591
118 392
872 188
178 629
2 451
829 690
468 798
895 593
473 128
971 129
757 656
77 574
314 171
587 497
463 906
985 249
853 30
562 671
14 384
731 958
19 490
222 39
593 945
922 665
88 7
253 723
622 580
880 35
460 767
671 631
982 604
948 548
877 394
291 891
607 289
960 122
191 974
965 999
30 8
199 563
663 96
465 877
31 778
437 853
788 919
544 200
816 488
379 880
875 919
328 210
117 417
332 650
650 611
7 418
274 732
798 443
921 12
685 27
614 131
427 823
581 986
614 748
538 783
10 886
177 669
490 426
823 802
538 702
722 179
634 807
873 37
986 332
932 618
24 167
411 633
997 109
629 262
381 503
901 374
413 271
744 165
483 347
195 367
678 616
485 953
480 775
123 145
858 36
308 5
769 573
463 891
95 863
557 694
482 368
125 724
754 164
368 375
773 110
243 665
874 929
892 314
930 603
882 832
313 587
190 771
636 823
456 873
697 685
950 777
994 505
958 260
84 369
946 372
251 384
576 985
518 988
960 440
597 61
528 604
191 780
729 237
88 227
732 724
288 485
647 338
628 997
956 940
648 325
527 599
240 893
520 799
283 683
670 965
290 712
322 953
630 688
980 236
334 437
537 165
127 710
935 917
148 529
106 528
229 306
984 537
768 710
343 302
915 665
720 719
332 573
558 503
7 23
599 729
864 269
93 756
159 505
938 146
738 890
432 969
215 54
570 35
493 304
314 485
762 574
377 879
266 320
108 905
270 392
973 247
705 633
833 556
544 569
647 651
112 604
212 526
398 415
39 371
356 296
692 391
90 337
237 478
535 987
916 591
556 598
688 550
688 623
821 802
933 780
569 185
633 602
575 347
847 237
264 189
356 515
623 591
56 319
554 431
813 951
616 151
173 536
694 415
711 24
308 605
22 839
779 888
749 758
239 856
330 132
730 131
390 938
841 272
168 198
741 823
352 154
359 96
571 472
898 104
557 771
886 339
961 520
12 222
182 298
440 821
979 988
67 758
943 640
694 433
594 253
704 325
281 180
120 140
836 834
169 544
390 433
966 709
720 683
993 889
4 779
690 699
323 958
417 293
627 236
954 4
656 646
219 110
129 794
441 24
884 372
78 295
354 911
986 260
72 348
920 938
25 582
618 331
256 815
889 598
588 423
769 347
474 195
100 25
411 734
478 415
553 921
511 577
715 743
990 753
555 84
792 386
332 459
356 449
484 670
986 888
221 989
94 341
43 649
174 589
468 874
179 505
342 903
400 506
240 249
682 480
477 740
478 71
706 506
2 501
75 137
458 19
412 671
821 588
438 608
368 236
773 745
314 358
580 969
373 85
598 406
340 386
382 797
734 54
458 443
226 377
616 657
999 150
602 972
58 558
644 745
258 60
817 216
25 351
585 823
982 787
605 172
606 927
757 17
525 427
819 754
609 26
295 621
921 134
278 773
399 563
97 351
10 382
928 981
851 621
503 940
201 489
612 909
149 137
777 720
81 835
90 947
474 274
760 889
112 907
849 326
100 328
910 967
863 941
864 773
242 937
828 928
9 280
285 123
752 998
159 582
950 375
557 431
480 909
651 822
205 816
843 526
863 579
42 483
137 13
739 990
882 180
912 788
30 723
125 719
454 911
809 684
830 122
635 142
530 366
159 922
350 223
132 22
282 935
725 497
545 875
621 64
969 935
363 336
736 918
751 589
866 297
905 355
100 625
946 337
410 983
967 485
770 547
218 740
992 767
57 674
956 794
683 562
887 306
389 675
943 12
196 903
680 844
576 877
305 825
412 635
287 377
382 825
348 889
203 832
460 847
763 622
175 468
782 676
992 844
990 331
541 835
563 823
547 410
503 984
399 881
184 1000
232 736
396 261
239 487
404 776
723 42
907 562
799 747
314 125
757 279
81 798
45 251
543 140
945 949
174 481
175 776
894 400
91 325
182 60
76 535
684 470
991 951
599 677
125 62
558 238
46 628
328 879
114 128
115 361
201 328
321 506
151 593
294 279
556 958
99 701
595 544
661 554
391 599
927 545
588 495
864 527
976 73
808 707
68 631
125 610
679 17
540 761
126 939
268 916
768 500
317 730
22 751
976 375
23 262
709 879
123 510
820 8
252 730
346 659
8 56
317 18
688 650
374 45
19 243
9 982
485 844
605 703
951 855
994 687
960 266
155 40
763 191
247 966
2 445
277 757
648 503
711 114
425 802
615 603
568 67
531 418
532 841
679 554
131 80
207 229
49 719
303 822
469 538
897 569
32 54
735 851
421 647
250 427
153 202
102 295
675 333
996 577
179 538
535 201
55 412
409 993
693 881
676 97
572 946
168 408
187 148
561 423
998 124
671 942
53 459
413 938
736 75
962 645
705 22
836 254
824 818
767 902
720 607
993 973
777 744
63 783
565 585
603 266
732 430
510 516
239 78
167 989
43 339
10 104
233 865
324 328
594 346
902 35
171 55
450 226
879 143
518 83
79 476
99 729
116 601
778 484
55 974
817 731
947 596
820 206
103 962
716 431
863 296
648 855
61 766
865 590
635 217
545 49
517 461
485 654
135 501
734 543
626 444
653 555
652 321
70 647
460 594
716 141
520 480
334 749
429 540
827 278
2 494
611 14
428 350
9 718
443 695
307 497
201 854
98 54
601 405
490 316
843 368
202 72
867 374
279 220
32 519
72 596
14 667
453 89
53 959
644 758
501 938
101 727
657 389
220 235
184 817
828 490
795 275
867 281
269 712
361 933
111 627
707 664
27 570
193 854
253 222
384 269
976 695
847 220
484 406
859 738
698 466
466 792
711 998
829 828
162 481
806 830
411 616
310 169
666 718
42 603
449 587
871 968
675 165
117 96
223 553
579 257
165 884
431 956
342 361
470 146
825 897
533 289
369 414
99 757
792 276
192 544
869 298
115 262
964 626
507 249
271 234
111 491
316 961
323 366
7 732
854 65
123 457
108 291
824 20
313 529
65 112
598 90
781 410
322 321
883 700
557 927
728 351
378 88
910 241
969 539
524 595
122 101
748 241
342 614
273 173
511 21
960 481
580 970
526 432
162 895
329 150
754 689
170 974
754 246
14 631
59 346
645 703
957 381
615 833
391 379
874 461
508 517
154 237
603 950
239 450
941 58
387 294
690 378
103 275
470 754
839 671
71 817
58 496
617 647
444 741
84 588
379 692
770 105
583 531
237 686
861 276
977 383
443 423
542 977
546 268
381 143
493 469
671 860
315 737
394 240
550 566
238 475
647 415
190 350
484 127
927 959
96 623
647 300
920 661
890 893
157 32
734 810
238 53
95 724
541 59
704 925
545 415
268 866
554 646
643 886
184 113
194 390
692 457
94 423
955 893
761 746
912 676
86 219
659 113
792 526
406 722
194 376
235 652
587 499
365 257
558 720
688 894
675 788
786 423
22 925
60 192
211 380
729 151
35 514
456 557
554 810
187 719
424 11
408 656
398 515
239 659
519 957
848 658
478 493
253 563
733 329
723 207
5 884
524 804
338 211
980 230
432 276
183 985
386 381
724 227
244 687
758 626
3 508
794 401
210 40
528 77
582 272
870 24
453 452
183 255
997 775
85 957
345 672
896 336
127 634
497 557
946 983
311 713
942 560
894 480
51 46
879 404
239 53
629 637
392 574
64 779
756 368
315 634
581 651
643 948
551 871
612 279
370 102
560 442
445 920
604 979
971 496
553 976
915 25
556 733
575 67
321 180
907 909
787 83
626 409
576 654
189 373
317 416
778 690
69 719
416 991
651 409
274 405
369 785
276 699
192 822
658 47
203 406
4 205
354 22
796 161
544 74
504 631
44 801
943 35
606 171
611 243
106 905
822 963
219 698
684 992
26 214
465 542
706 628
675 767
88 259
144 117
457 667
435 534
239 548
865 221
461 554
278 992
26 121
30 724
695 863
625 765
853 997
656 111
250 650
951 56
332 680
884 973
483 812
764 683
842 473
680 500
223 790
119 705
216 992
33 766
505 937
515 450
276 86
206 915
23 747
617 1000
963 244
195 158
432 892
994 783
309 394
936 700
82 756
160 598
547 834
401 668
510 660
302 940
739 571
137 315
815 758
295 13
268 859
820 856
750 409
74 902
471 648
73 809
203 886
268 810
927 661
930 411
660 880
440 147
484 740
839 306
786 186
881 120
277 965
5 470
981 941
941 630
735 242
386 735
114 760
978 869
636 853
731 587
60 281
602 936
268 366
658 162
416 729
783 665
357 564
692 965
739 290
226 339
580 870
563 80
526 324
988 451
719 287
148 650
596 8
245 422
652 298
176 755
912 199
842 136
883 604
918 109
480 774
595 464
481 240
600 378
908 19
909 806
417 616
27 721
989 88
993 157
794 422
961 703
552 396
310 335
401 142
115 228
412 877
744 24
893 813
422 933
3 581
777 126
409 798
333 700
357 471
21 425
814 750
253 400
440 371
765 53
823 661
591 617
910 523
180 492
955 626
871 65
748 671
39 488
189 475
541 102
910 293
712 492
299 329
562 146
612 13
407 501
246 263
265 260
506 432
549 572
91 534
274 74
648 195
26 731
152 914
672 217
711 444
491 317
682 494
302 503
490 639
691 746
374 308
377 16
395 913
770 895
202 109
434 664
738 43
22 208
939 768
64 70
227 562
67 809
805 933
269 777
899 430
794 152
799 393
286 596
607 492
334 320
742 333
689 855
875 940
90 748
452 907
400 870
37 543
918 248
908 390
196 496
604 277
681 516
171 690
997 738
858 664
534 443
58 96
884 180
850 4
392 692
618 120
488 861
290 79
944 208
138 107
216 839
217 562
879 480
574 598
149 361
480 528
63 215
585 711
381 464
350 641
885 800
725 955
938 276
995 477
327 992
65 896
104 186
105 391
413 326
911 251
345 176
787 457
243 529
274 31
72 413
960 514
613 263
503 368
216 306
17 327
768 409
199 91
661 706
323 98
259 286
958 412
616 307
748 816
456 880
661 819
442 815
13 935
540 36
152 797
836 913
244 614
895 769
731 800
770 976
386 937
743 461
67 884
198 66
880 181
607 290
37 33
938 541
664 139
193 578
736 468
753 522
844 935
594 526
347 490
232 851
357 399
212 653
788 418
880 915
241 923
277 147
704 225
561 296
305 106
549 455
202 754
907 149
712 827
361 403
750 983
343 263
438 57
168 589
279 715
672 877
983 855
897 8
970 590
650 320
962 558
580 129
998 176
765 155
417 227
347 110
438 347
96 302
954 860
907 448
86 713
68 972
125 173
695 353
704 732
816 902
393 987
546 243
431 631
294 277
93 165
3 968
43 23
872 509
108 567
350 646
234 621
110 29
226 550
816 740
467 635
472 922
894 957
327 484
76 36
976 474
812 624
820 155
108 725
532 279
806 146
790 887
685 783
705 813
194 178
523 636
892 309
929 805
558 972
677 399
695 858
365 339
517 86
576 574
10 756
748 788
752 351
1 983
808 449
425 919
799 781
925 793
992 669
496 492
687 952
377 95
640 845
753 724
746 535
757 181
480 207
79 985
600 240
366 401
37 501
495 905
336 782
875 999
639 6
880 959
681 674
420 338
757 471
57 192
747 979
980 362
413 567
585 94
732 947
992 72
884 974
139 11
909 995
219 889
384 210
689 121
375 634
318 57
864 225
441 144
115 41
722 3
462 318
945 800
51 977
489 380
971 800
509 865
612 726
594 457
281 69
544 862
252 197
328 653
534 589
920 81
371 753
851 571
803 700
660 19
552 892
96 552
473 434
541 986
823 598
350 1000
668 405
579 210
678 802
925 482
32 383
640 382
69 803
557 644
720 44
705 664
852 729
526 926
213 417
416 909
15 159
644 301
995 243
22 444
32 93
913 324
867 753
133 433
31 762
438 744
365 456
320 247
598 286
69 452
221 265
440 940
829 74
227 43
84 7
982 552
144 180
678 305
945 66
546 947
726 557
415 270
533 695
405 292
656 174
900 553
481 247
870 875
157 756
785 479
555 961
679 959
885 358
870 250
905 966
157 613
875 848
567 190
589 674
275 998
851 155
154 937
391 68
659 844
418 994
632 42
244 304
923 663
862 994
140 603
17 815
25 813
263 287
509 773
689 327
426 218
726 449
817 539
33 84
436 919
593 124
646 6
545 497
618 729
716 382
262 654
229 969
252 318
385 881
886 933
963 700
513 637
243 850
291 660
769 772
221 587
347 816
190 734
507 473
782 2
731 598
937 59
26 506
500 437
9 744
619 969
946 315
322 609
783 412
911 715
457 478
277 555
311 441
486 851
967 288
625 457
24 838
921 504
95 485
814 365
373 195
748 401
74 160
257 960
19 801
258 59
794 153
641 634
399 798
555 924
11 319
577 486
949 684
511 427
775 800
301 153
255 613
50 923
289 561
272 417
111 774
148 380
427 719
672 834
620 520
971 906
755 787
78 100
944 66
157 363
648 744
896 229
846 105
861 806
727 318
214 471
842 752
366 146
613 179
85 618
289 125
169 711
497 242
320 853
526 645
393 15
980 913
489 598
69 951
124 166
731 502
713 839
96 847
868 37
321 174
838 917
964 592
17 693
74 558
421 219
541 250
801 341
472 221
470 376
757 951
900 143
830 200
506 68
398 884
221 687
131 347
667 317
27 154
190 762
359 737
783 323
416 659
610 801
661 931
193 548
250 176
912 467
889 479
302 242
178 4
472 281
383 461
420 89
258 108
421 736
994 162
896 790
235 202
153 243
983 643
451 498
197 26
514 204
552 39
370 766
999 405
859 526
589 665
339 310
323 861
56 704
328 37
789 152
976 625
810 901
250 854
34 139
36 461
917 68
613 501
293 673
816 89
615 299
215 185
508 165
695 243
399 310
228 804
615 440
67 126
820 544
379 432
640 198
15 710
471 384
293 992
720 404
313 34
57 792
281 572
212 784
34 988
751 57
437 385
810 844
281 685
26 841
971 498
94 615
699 386
703 11
891 315
873 980
33 141
342 113
911 121
115 843
872 156
321 138
160 8
325 706
221 913
757 719
584 519
761 644
43 837
304 963
854 143
782 216
14 70
92 866
74 725
809 798
61 953
811 317
669 826
619 627
17 435
754 386
789 338
505 639
705 78
227 286
134 830
763 176
883 951
402 510
390 819
429 983
670 815
334 620
962 870
706 707
980 38
908 779
321 615
754 274
560 720
615 826
932 289
322 843
417 721
37 500
260 661
175 602
785 498
969 109
97 376
28 776
641 723
422 812
577 993
324 6
127 595
737 251
395 501
90 967
578 848
831 422
903 85
312 420
703 760
393 869
929 299
712 133
107 845
929 132
496 96
886 700
243 426
74 363
407 455
911 141
48 622
167 141
460 153
798 881
531 918
689 429
170 2
703 188
834 61
657 540
270 89
597 266
374 157
138 759
178 904
472 149
700 517
717 929
114 617
246 475
840 896
654 24
188 448
140 568
726 832
863 135
450 583
469 473
587 10
623 696
990 85
758 465
676 460
895 216
784 679
718 835
481 20
945 617
325 841
828 118
645 600
978 679
154 101
729 495
143 632
185 649
69 398
49 458
947 465
235 291
974 826
442 139
818 801
499 470
537 510
439 810
858 376
23 555
683 280
452 183
71 991
76 715
333 244
353 542
923 662
449 991
567 95
80 438
168 661
820 617
693 485
324 665
902 115
617 91
769 302
284 301
105 280
531 724
290 378
842 959
807 131
459 273
817 619
105 425
342 78
322 803
541 100
924 876
947 693
485 606
712 494
717 867
129 730
114 651
316 947
122 142
714 586
680 566
181 535
143 244
662 597
221 763
368 145
938 773
135 899
1000 598
773 365
554 821
437 863
350 400
550 222
165 869
278 76
504 143
642 291
71 639
6 698
153 790
45 864
233 448
468 563
842 170
475 399
535 157
993 78
483 904
687 454
746 782
968 284
895 419
788 623
384 381
771 891
406 944
331 816
512 633
50 920
895 304
510 278
810 942
25 238
194 719
671 99
766 39
713 185
935 558
758 667
101 140
431 895
893 928
950 41
399 477
276 8
115 480
744 400
279 903
358 644
52 503
380 964
626 940
788 419
972 640
325 418
150 656
246 933
214 327
548 547
987 69
275 449
977 175
225 834
246 980
600 946
677 530
111 298
116 668
100 57
262 728
319 793
947 608
950 661
627 264
305 155
262 619
545 13
579 877
27 568
484 956
764 486
51 373
839 500
471 912
330 772
368 479
504 751
412 290
436 424
23 344
597 179
467 338
624 895
108 32
914 239
477 885
889 365
248 611
430 437
252 775
518 760
331 400
288 134
836 691
705 775
969 278
967 263
905 197
486 975
112 400
258 28
480 148
185 759
260 690
933 788
139 51
213 766
720 436
144 298
590 659
292 882
439 253
48 214
898 334
756 46
426 607
580 380
619 286
430 595
860 28
242 743
479 726
995 74
807 404
889 741
158 72
294 440
404 82
877 737
384 820
629 668
337 884
806 438
100 221
8 800
765 733
782 17
905 80
375 506
468 712
360 945
19 190
403 351
890 481
726 91
839 472
397 325
662 183
402 221
244 678
136 497
339 714
321 939
930 711
701 223
147 723
294 806
246 111
265 572
175 33
307 409
951 960
255 503
114 949
503 741
549 933
457 405
581 468
763 401
411 484
819 483
143 805
245 463
482 915
122 378
936 212
130 55
791 206
978 339
582 81
224 181
135 187
49 62
837 45
418 877
275 972
495 873
37 375
86 765
382 277
862 515
441 293
522 454
675 60
825 655
989 388
903 84
742 196
266 107
557 369
555 419
883 46
375 922
711 796
24 884
328 655
39 227
629 719
299 126
981 459
587 995
234 601
623 33
761 980
704 937
565 920
12 808
642 659
898 777
167 140
207 867
574 433
30 668
17 739
234 891
293 374
294 17
208 850
527 690
890 402
462 875
29 348
331 28
398 344
73 887
134 648
598 173
31 740
639 531
144 904
225 23
293 57
106 566
972 449
701 29
574 277
745 917
227 650
943 192
197 109
372 805
588 689
130 505
149 587
814 343
601 266
340 474
235 4
791 125
740 859
54 715
637 916
297 634
836 937
620 768
810 348
73 451
686 111
948 942
848 886
873 309
325 531
253 75
570 383
590 890
937 161
30 685
538 977
462 164
135 445
603 765
141 406
253 60
200 184
592 618
755 934
59 879
775 109
190 471
391 868
214 457
589 275
592 761
587 830
381 457
399 158
811 182
538 610
669 268
133 172
665 669
405 666
363 554
365 102
807 19
497 54
263 793
468 657
515 195
215 676
346 821
934 402
129 729
8 406
635 249
372 961
891 83
857 167
344 270
844 107
848 190
249 650
71 58
398 158
915 304
857 65
554 163
38 272
776 249
117 313
726 877
5 482
967 397
917 904
207 296
343 937
73 157
438 903
700 110
653 96
892 914
736 442
95 842
813 346
726 905
10 537
84 874
432 507
451 425
418 802
400 857
111 659
96 72
59 60
499 437
209 645
676 933
956 405
10 379
11 14
784 270
556 290
45 291
393 706
441 206
833 860
228 770
525 618
858 441
785 773
238 479
684 13
461 132
134 234
449 708
51 696
362 603
352 935
142 180
24 192
211 786
379 244
548 691
509 521
517 972
593 94
311 519
635 935
17 538
41 39
994 538
977 840
51 455
371 978
992 722
882 967
421 217
683 250
423 959
501 427
484 703
202 786
986 857
753 114
660 666
27 239
194 372
450 746
643 425
809 945
302 278
736 794
202 170
494 850
154 265
946 221
472 364
843 175
856 18
235 63
46 620
701 12
481 83
545 682
749 586
680 111
892 636
650 779
419 18
183 981
899 284
478 755
451 389
567 883
913 616
254 90
405 60
245 701
651 936
965 148
768 752
641 358
866 3
371 75
651 141
873 269
874 94
50 524
343 497
385 209
663 546
461 70
410 644
287 734
309 434
129 212
205 65
689 316
817 327
820 546
640 216
215 40
565 781
367 221
714 223
458 702
993 759
461 313
464 483
651 841
467 836
108 562
734 26
200 573
30 509
348 881
763 916
99 305
927 701
398 389
240 457
739 993
497 510
47 103
161 295
795 928
354 304
265 321
485 742
126 820
197 34
463 967
890 337
150 92
564 18
412 263
423 150
914 65
733 669
189 83
874 845
340 225
640 832
182 695
222 148
409 345
248 495
891 583
966 23
235 27
693 439
64 121
922 921
460 872
193 547
819 275
314 841
776 638
870 834
582 86
710 923
905 943
466 15
713 22
32 347
897 847
680 361
24 717
900 854
214 704
404 900
521 820
634 611
375 46
5 29
747 448
234 277
497 973
263 308
216 915
270 624
574 823
962 416
713 594
508 58
950 385
24 137
560 459
377 881
473 262
521 496
319 963
983 440
234 745
952 468
777 58
517 772
170 113
480 825
190 116
894 190
138 915
587 704
950 594
203 251
646 315
904 294
924 185
820 122
286 611
574 937
982 466
57 515
204 886
351 225
152 809
51 221
130 724
863 90
331 381
247 929
35 625
247 845
979 422
264 385
140 300
322 651
253 661
515 840
438 521
349 226
300 554
980 68
467 107
370 384
226 478
303 251
391 274
177 130
624 245
342 500
241 983
239 580
193 696
340 697
362 17
515 247
511 432
222 573
373 447
733 240
233 260
156 284
484 218
684 373
645 905
758 514
488 982
414 482
896 365
880 700
24 344
43 404
791 896
153 372
466 840
765 239
125 112
453 553
935 661
480 665
524 300
410 764
299 584
287 662
989 536
370 200
959 352
410 879
910 924
307 713
34 915
788 120
594 315
975 970
941 550
554 128
964 345
473 354
401 525
73 888
536 64
773 381
646 5
726 311
602 193
360 970
697 51
271 64
75 323
337 716
32 414
251 2
365 246
366 305
632 711
373 539
247 246
359 536
948 11
217 7
15 252
990 650
41 337
648 199
35 783
622 849
245 903
436 470
313 645
175 107
109 787
888 938
579 527
50 451
566 795
53 764
223 729
772 142
848 540
594 479
407 949
50 82
876 74
364 374
607 202
151 432
362 339
110 909
164 45
206 480
801 980
220 196
257 886
560 617
561 256
76 464
397 812
908 51
337 929
803 223
932 441
2 930
651 275
597 563
269 632
615 179
42 254
379 587
56 662
555 716
2 708
846 509
870 455
876 812
882 433
366 806
613 303
357 97
52 497
107 902
897 194
404 438
152 391
9 234
656 631
164 197
133 929
869 407
372 657
266 258
696 691
345 267
273 550
642 681
131 547
612 463
578 299
359 862
929 51
103 944
476 986
369 14
977 847
47 909
30 725
70 550
470 268
643 650
386 609
61 801
243 469
436 315
238 907
131 463
8 2
118 173
247 843
605 853
752 311
24 922
541 281
102 552
770 573
615 557
411 365
119 277
295 971
334 535
757 221
204 755
499 709
634 494
362 183
913 845
550 698
166 691
633 80
5 895
248 178
124 861
288 813
589 773
457 170
965 902
933 102
136 881
429 436
785 420
349 381
387 576
988 297
524 7
234 175
655 179
816 468
874 95
512 758
106 485
768 864
258 416
636 16
423 312
580 141
968 103
936 709
192 522
906 933
213 695
693 475
253 340
91 121
811 864
588 147
319 89
600 993
394 352
893 164
748 535
867 643
518 105
522 100
885 768
263 518
465 711
17 628
968 980
627 377
170 154
445 772
879 561
265 102
194 4
527 378
158 507
787 489
844 206
95 836
540 759
320 594
925 395
263 804
322 224
51 290
786 851
273 812
166 49
901 162
904 154
532 285
764 260
925 685
907 878
235 879
416 835
455 354
57 599
139 869
748 167
910 178
490 691
433 641
277 767
939 686
192 41
579 711
818 821
252 805
194 654
957 478
64 19
227 737
585 919
439 396
25 360
985 471
886 479
600 244
840 547
421 160
680 76
613 176
921 294
171 835
758 773
939 989
62 796
836 951
808 568
503 954
714 471
36 191
475 457
349 464
206 331
123 497
879 608
477 216
314 936
480 400
832 677
228 534
176 953
175 837
110 534
736 65
699 55
662 185
920 264
205 258
483 672
928 787
347 805
158 27
949 820
767 541
471 48
112 969
668 860
637 97
768 880
452 387
437 113
940 360
851 575
273 605
56 795
110 82
842 831
440 442
169 540
960 817
336 251
565 998
638 740
146 372
920 883
540 676
530 398
927 656
643 693
551 100
51 318
469 293
696 73
91 513
754 195
477 616
367 692
314 163
874 908
212 747
788 453
786 198
43 563
407 178
127 329
8 169
118 4
100 567
864 316
913 90
770 997
899 155
459 656
429 824
620 461
639 371
507 652
734 93
610 87
245 48
502 385
123 988
103 634
472 764
619 156
639 81
384 485
537 673
165 672
884 776
847 388
723 138
997 535
407 743
253 871
904 878
500 471
444 616
49 88
462 650
823 44
679 843
157 530
999 303
125 414
898 175
975 262
966 252
137 606
101 149
59 865
8 973
280 114
444 829
750 724
361 137
755 89
958 990
461 158
198 979
492 564
720 351
208 131
994 141
312 161
298 924
778 386
119 228
29 28
532 245
146 344
8 265
998 696
235 632
330 668
905 110
415 773
786 155
459 961
355 176
84 466
838 591
788 237
60 331
198 397
616 363
710 405
221 760
313 757
303 453
611 161
190 572
528 667
913 983
283 665
545 652
970 936
733 383
607 346
984 314
595 258
227 902
911 225
966 495
606 902
438 820
738 262
991 584
426 836
832 975
128 582
374 602
858 835
201 48
968 401
791 353
119 870
887 792
363 109
709 40
677 702
400 746
58 506
828 746
131 618
266 207
181 496
236 893
58 109
500 190
565 538
248 245
823 982
684 120
833 850
120 397
836 67
500 330
18 66
384 956
630 931
557 279
689 359
910 633
733 630
518 130
974 320
209 314
281 725
470 35
988 548
739 630
286 476
436 230
347 453
901 60
8 293
748 527
86 98
87 415
899 535
864 484
96 818
886 901
541 246
195 550
591 115
313 567
189 220
763 59
411 78
341 385
491 613
56 271
717 614
778 642
144 978
417 489
347 897
669 628
672 472
679 575
39 860
922 784
724 420
597 914
302 246
967 256
752 479
292 8
739 132
98 363
634 393
136 532
302 97
351 74
201 114
603 612
918 447
779 615
463 470
871 501
440 773
611 520
172 324
221 933
31 131
25 199
714 259
513 254
921 107
889 799
139 226
968 394
617 869
814 841
287 843
880 709
261 428
870 480
618 89
68 954
732 449
181 325
441 232
573 651
885 749
778 233
927 776
968 247
403 164
242 964
349 800
685 838
57 41
918 692
670 181
85 507
176 425
309 354
402 935
423 895
523 405
764 39
285 890
363 646
494 304
630 356
209 448
913 450
752 630
761 507
683 216
647 957
959 895
265 327
322 272
217 126
852 928
565 325
660 559
848 98
23 377
939 528
731 914
679 594
937 119
28 320
833 806
625 260
477 967
278 152
260 627
120 700
545 731
932 141
300 349
782 651
141 257
457 244
274 994
3 288
814 24
582 84
675 370
328 359
435 653
457 837
719 101
810 835
723 94
585 65
861 436
55 125
332 678
850 167
443 263
50 607
513 285
698 787
524 187
726 144
177 288
896 306
626 529
537 955
295 272
405 816
776 956
634 976
395 326
429 890
445 724
154 739
525 944
719 390
677 921
459 408
902 26
267 529
402 888
440 443
48 640
647 315
859 200
165 471
592 973
246 642
377 593
124 234
489 931
1000 234
313 397
977 144
400 198
369 166
709 844
645 128
459 949
317 79
456 274
711 131
588 974
312 689
850 635
482 225
230 579
967 426
236 432
718 980
311 390
347 969
352 733
697 241
299 874
469 598
473 531
93 330
221 437
945 473
1000 796
172 273
182 512
678 389
719 347
482 946
653 121
140 12
378 515
362 140
895 58
625 514
865 243
295 752
756 980
851 64
634 258
763 668
358 80
912 588
309 564
680 184
407 599
88 568
864 420
242 584
775 840
208 649
844 780
654 895
695 17
770 328
292 516
96 141
24 346
171 733
353 530
372 362
271 654
556 200
211 541
414 130
118 553
937 823
202 888
357 943
686 558
85 593
498 919
168 951
152 476
100 434
470 646
466 708
195 414
416 337
971 545
26 912
688 269
48 684
640 416
146 345
38 843
539 722
761 870
355 981
289 295
643 656
368 344
854 88
158 734
570 515
62 191
303 179
679 308
791 387
107 229
106 646
782 7
25 32
714 985
625 226
610 790
991 503
169 68
153 591
943 112
191 767
140 323
359 329
126 556
18 867
818 585
683 607
286 700
387 315
28 575
359 47
417 812
749 611
932 197
291 215
884 766
701 768
960 134
335 6
616 808
361 671
359 188
328 336
628 763
371 338
577 643
872 813
196 367
993 179
520 573
979 896
638 135
909 981
291 386
791 465
685 46
819 916
137 1000
768 642
399 424
307 62
257 391
3 679
452 294
183 438
385 379
119 564
73 568
225 725
390 135
138 228
56 869
715 826
440 388
629 644
688 346
798 915
357 321
674 133
622 811
544 633
91 938
432 183
518 429
44 42
924 844
800 834
268 1000
472 819
350 820
134 565
549 730
142 32
34 633
990 868
810 246
445 49
174 625
946 502
145 157
661 829
187 998
892 426
264 381
356 707
965 571
674 696
749 404
386 816
667 417
540 81
669 627
965 716
801 571
245 877
791 960
758 29
5 603
598 458
196 542
549 30
127 102
207 373
628 569
541 682
359 83
822 617
749 583
291 243
101 744
326 8
902 122
692 729
895 498
589 771
715 584
997 558
136 883
671 813
983 527
768 580
92 108
883 395
889 798
138 324
768 755
806 927
935 633
503 709
935 299
391 907
837 343
127 523
650 330
153 306
907 105
926 407
863 888
438 349
612 568
774 219
774 768
307 658
923 414
774 106
850 772
310 906
712 226
245 62
321 355
211 819
960 838
674 792
347 544
612 124
575 72
777 1
815 569
156 202
752 631
553 618
436 362
94 394
991 152
612 195
553 773
716 759
980 982
625 72
18 118
791 657
437 58
711 158
252 577
848 952
418 597
578 241
213 858
577 15
675 902
515 849
398 631
75 806
496 369
630 52
944 997
74 146
341 790
295 894
740 931
134 279
84 975
983 717
507 114
228 502
589 854
182 468
808 3
2 70
349 445
852 468
141 401
275 867
755 901
311 97
889 841
659 969
642 9
201 335
59 121
704 370
797 939
656 501
175 839
306 562
384 168
955 163
312 41
323 417
968 54
141 708
769 59
509 906
550 864
498 413
697 108
586 669
38 755
918 631
647 79
85 700
767 806
513 943
237 913
205 551
573 931
722 287
704 830
707 113
212 817
690 833
290 339
702 436
996 81
565 996
864 672
825 79
789 748
261 67
483 207
377 592
191 263
199 251
471 630
522 888
921 968
427 500
979 429
35 903
742 641
186 885
338 812
815 322
88 827
820 500
363 387
455 435
517 436
440 904
578 162
171 659
251 310
198 339
26 480
905 419
630 958
862 133
518 945
540 153
800 310
602 590
734 67
184 731
705 335
409 314
836 759
434 863
623 933
94 309
231 76
969 419
145 673
590 557
184 825
940 740
193 701
608 860
607 518
615 59
714 344
792 554
258 738
166 987
334 809
805 752
970 561
522 486
176 54
177 323
486 471
768 810
664 875
495 111
580 199
428 340
357 74
56 987
25 928
103 683
751 15
161 537
518 164
727 419
138 848
765 447
164 976
104 69
569 577
130 883
796 316
621 305
677 623
588 190
825 212
294 49
275 714
216 349
126 992
536 912
810 19
351 177
523 698
230 770
929 743
531 151
94 237
60 325
278 500
631 30
999 602
430 307
605 767
368 87
553 348
224 711
782 951
218 696
421 357
829 104
79 889
529 116
732 661
269 634
878 911
914 805
888 651
853 723
156 613
588 544
184 870
336 829
577 273
344 620
790 95
168 314
906 584
724 215
606 791
521 919
576 454
896 942
598 875
750 962
396 745
344 650
332 751
991 872
571 748
799 37
729 793
56 665
145 824
718 143
276 422
388 696
775 60
561 112
559 997
30 141
603 733
380 850
608 53
609 364
239 25
530 784
124 367
347 136
372 621
229 164
930 158
415 304
422 309
688 347
851 761
29 77
929 71
827 254
398 258
298 126
206 543
265 79
639 915
307 964
611 998
332 401
687 617
9 114
29 850
873 627
624 519
307 885
15 172
532 378
436 151
846 606
583 344
890 470
670 392
469 201
495 557
808 948
481 793
715 190
950 827
402 261
956 700
578 234
62 299
65 986
636 916
568 428
217 258
844 361
277 728
294 654
443 704
303 948
676 434
255 431
573 22
946 168
430 41
477 18
723 870
524 845
407 843
831 969
411 396
608 550
473 731
93 34
629 400
904 534
79 115
378 530
136 997
193 756
103 73
639 107
287 134
469 879
845 664
771 205
645 812
633 198
279 482
799 367
688 368
639 108
874 203
177 425
386 537
932 303
58 412
879 303
524 352
29 670
46 548
86 593
211 824
354 793
103 610
159 412
551 910
632 326
261 332
907 342
12 690
531 953
626 860
721 112
252 414
808 908
368 643
371 568
553 984
844 201
795 567
189 325
433 230
947 752
753 129
722 692
864 505
722 892
809 768
189 254
338 728
587 407
914 189
751 616
652 585
389 637
378 920
614 831
222 728
529 419
782 879
917 972
403 798
44 680
588 717
278 585
216 288
600 247
206 38
328 247
25 286
758 792
9 816
75 660
236 154
478 723
851 23
652 28
289 514
453 287
224 57
579 953
932 323
640 638
510 339
613 386
116 238
23 626
944 433
117 681
879 323
96 338
106 487
798 191
121 641
195 134
654 899
289 989
475 950
438 318
495 443
127 421
689 348
334 796
506 992
677 903
90 227
117 660
698 482
76 274
787 296
976 513
493 183
886 694
208 411
254 856
274 188
560 301
337 740
879 394
85 270
13 737
893 423
830 424
291 619
753 173
882 779
761 682
208 742
625 107
398 135
274 497
966 912
573 759
977 694
463 935
193 199
50 328
912 627
566 640
273 47
94 129
848 933
50 475
621 144
470 784
454 121
628 860
187 670
482 878
780 951
455 609
828 157
222 884
887 610
999 868
987 868
148 658
171 787
499 702
176 747
818 54
527 674
560 577
430 835
303 563
571 323
292 800
421 900
848 543
727 604
812 480
487 647
804 219
115 236
576 362
685 200
742 443
342 350
304 109
107 624
271 539
292 518
521 852
427 873
620 690
646 844
990 308
138 206
566 6
768 73
453 823
741 36
172 993
656 926
54 580
725 528
797 99
910 642
532 240
68 919
997 364
643 658
346 830
57 833
901 86
886 956
504 148
7 727
252 676
109 237
271 354
511 681
725 483
377 333
564 39
651 854
643 432
844 503
368 56
866 283
44 963
597 153
209 808
429 631
140 494
218 986
535 727
916 843
634 158
852 841
805 125
623 730
994 38
151 95
944 991
138 776
729 307
89 652
2 237
934 930
645 533
503 784
796 903
895 75
364 385
619 125
439 313
418 716
165 679
24 666
698 981
482 694
546 547
927 98
414 435
195 739
666 248
912 127
106 397
381 21
733 800
515 501
439 949
875 595
258 70
738 841
431 862
319 208
470 836
135 322
926 91
508 126
971 638
312 209
872 393
891 423
375 206
493 127
938 284
242 129
631 441
480 886
137 59
692 424
557 652
185 295
716 738
812 644
264 946
446 414
910 265
695 729
420 573
517 233
900 231
501 438
599 317
694 531
329 637
327 30
819 519
579 819
86 323
145 147
454 167
277 886
922 637
299 918
336 560
809 965
363 104
736 654
473 984
737 699
754 635
903 644
460 754
942 346
671 632
336 533
386 80
117 58
742 397
545 685
503 829
804 430
753 514
535 78
750 77
810 731
975 135
922 49
763 745
267 332
658 535
607 456
902 178
390 650
175 572
785 516
537 271
957 634
85 979
399 537
205 282
409 813
543 118
38 402
912 655
842 573
465 6
966 906
495 422
210 466
37 890
394 157
968 250
521 881
938 478
685 835
777 735
858 265
643 959
566 271
20 166
332 208
540 557
668 538
483 762
696 851
807 65
518 508
483 213
321 274
692 263
506 286
566 488
19 87
32 252
994 571
901 29
425 364
647 553
796 357
725 697
454 993
826 572
817 225
276 733
905 171
100 825
711 267
507 809
994 285
614 978
354 188
942 549
621 26
861 555
434 73
60 270
482 216
585 697
736 827
123 759
135 749
743 408
874 729
469 447
753 716
292 472
228 401
767 487
643 55
348 855
241 490
562 445
218 915
521 520
240 711
295 713
261 969
282 500
193 727
888 517
537 378
412 548
707 678
908 503
370 917
976 709
921 68
667 632
998 106
504 282
306 560
524 182
30 187
547 111
396 513
571 117
987 101
902 511
279 852
873 125
157 300
675 179
703 737
135 373
836 390
983 81
986 311
174 986
869 90
176 505
964 354
198 890
539 858
226 595
651 872
47 611
894 630
976 47
280 470
657 644
637 253
307 831
53 303
626 35
875 158
795 423
795 530
958 98
645 124
630 426
649 121
759 114
764 174
960 801
356 423
618 798
285 637
109 153
899 993
539 390
152 814
464 512
981 37
175 82
678 79
936 378
368 108
226 6
445 488
781 334
658 155
109 955
596 307
889 303
65 934
770 912
936 408
224 410
331 606
657 482
454 280
370 863
826 482
746 642
712 526
987 660
788 995
386 139
153 172
214 775
782 420
158 718
987 716
131 626
480 432
873 319
818 488
341 231
684 257
722 76
867 909
724 514
450 395
267 195
196 187
159 305
181 265
738 278
720 565
9 408
343 37
365 33
312 271
885 674
600 814
608 265
902 5
464 17
484 988
289 218
807 184
956 187
260 333
501 703
200 634
899 686
61 679
99 332
544 719
66 31
378 285
307 795
492 357
941 993
332 510
152 620
562 991
483 122
781 575
90 312
471 901
41 340
743 877
304 898
891 966
530 144
144 603
660 627
517 406
898 163
494 713
429 630
153 860
979 913
352 895
92 976
473 850
737 557
884 968
781 549
634 159
925 514
123 670
717 672
991 257
981 283
840 641
657 61
931 554
514 478
878 909
899 8
505 215
758 167
351 631
743 305
732 518
878 892
737 888
779 313
97 25
667 149
135 987
463 510
68 398
298 864
253 918
514 224
844 779
480 126
680 151
510 142
681 738
276 322
352 56
228 603
46 300
513 297
1 253
112 728
370 436
794 306
337 325
484 444
266 203
524 743
408 24
851 300
936 614
674 335
819 778
570 396
324 379
915 952
313 14
242 988
280 193
906 29
396 815
436 972
556 973
703 910
211 690
636 355
85 483
967 517
381 600
772 757
8 148
336 199
212 986
892 68
802 316
570 960
94 514
207 801
725 676
946 659
621 275
899 539
334 203
481 568
534 282
887 112
9 961
946 610
964 751
143 266
876 797
22 585
313 571
958 389
752 300
700 708
661 826
529 308
285 726
490 600
131 238
316 76
355 398
853 403
18 782
53 731
576 888
114 795
406 421
628 235
787 618
22 846
884 686
499 712
593 898
945 486
467 38
785 381
1 398
753 513
311 233
101 533
948 846
656 125
109 901
804 141
422 824
382 480
384 207
587 236
666 221
323 978
770 271
775 208
205 490
8 826
190 368
392 601
727 357
929 406
675 150
604 16
517 743
954 963
42 537
314 354
958 523
869 212
7 197
715 342
968 251
971 652
155 942
618 359
410 928
507 492
180 318
806 606
518 98
207 999
775 337
275 83
132 328
190 828
816 669
982 238
655 188
289 371
471 623
27 419
201 273
691 584
237 494
790 780
238 825
700 436
782 160
682 28
633 586
189 252
193 603
563 307
265 724
873 655
636 745
98 258
606 375
53 541
660 555
850 639
460 561
833 9
501 171
735 680
109 982
644 999
517 383
187 628
42 497
5 555
249 179
107 189
144 833
274 572
387 487
411 509
805 133
960 82
724 43
323 626
511 309
519 552
645 765
649 762
410 302
339 252
325 433
770 94
510 119
41 522
45 50
896 488
771 952
756 154
849 584
776 834
618 135
323 801
200 52
589 518
185 960
774 408
150 390
686 308
306 640
736 53
903 77
154 636
85 712
389 253
766 241
461 245
997 3
284 594
253 371
898 766
618 347
731 104
164 959
184 68
207 872
831 98
910 343
109 118
475 628
60 606
801 164
894 849
561 19
354 238
65 97
584 899
587 292
787 230
237 355
256 878
97 560
795 819
479 314
463 929
51 35
469 368
550 956
872 875
718 937
661 882
701 165
227 290
416 723
53 738
990 93
571 758
883 776
314 533
151 426
851 143
435 463
25 335
465 624
840 580
73 123
718 613
240 740
791 235
408 496
770 34
348 90
93 178
12 161
984 594
785 615
749 814
980 435
312 773
441 473
794 479
542 593
619 334
909 574
736 98
497 530
663 755
150 418
297 942
854 950
802 853
180 545
107 515
550 800
793 142
438 289
560 143
381 337
552 547
682 638
768 75
996 556
401 630
642 556
439 742
890 876
119 370
415 581
587 900
399 20
920 805
668 579
686 780
178 755
199 331
246 738
194 73
624 542
731 274
237 37
592 60
204 178
21 996
65 220
450 878
415 768
659 94
990 652
378 918
422 200
425 52
935 643
288 370
496 464
957 206
995 103
152 779
630 36
856 287
978 974
373 936
874 655
784 667
442 683
630 192
151 89
625 448
457 86
59 486
953 982
688 337
994 9
390 541
969 92
550 739
184 984
41 561
443 101
905 920
67 561
653 234
90 754
572 926
850 216
927 108
804 249
912 284
775 936
888 74
742 421
234 17
943 662
68 60
894 96
182 44
771 513
499 216
301 946
51 995
675 253
753 758
842 662
247 896
37 968
677 937
370 978
829 769
977 22
65 636
800 521
391 726
160 936
252 6
894 685
897 373
132 454
168 919
247 285
396 127
307 600
441 802
462 904
715 283
379 122
587 561
753 265
106 1000
603 755
702 194
942 813
669 11
677 512
4 958
787 307
958 59
616 174
86 214
142 36
769 974
554 108
960 66
687 840
669 813
799 898
85 38
658 62
951 839
329 460
791 766
773 799
53 112
529 299
235 790
536 653
888 972
248 619
193 318
710 261
45 666
362 302
765 299
537 578
130 440
97 203
259 196
600 30
766 655
658 898
737 923
3 203
942 58
175 585
892 973
128 520
637 531
305 96
658 676
328 223
219 623
907 143
214 703
597 397
141 587
183 482
451 168
440 727
969 101
812 151
851 459
712 3
395 337
825 740
519 24
902 416
449 520
10 526
910 943
363 607
916 4
668 741
445 572
988 252
266 337
821 385
824 411
683 416
795 746
613 47
206 719
544 554
427 238
301 713
565 908
181 915
879 236
220 959
380 396
863 312
117 902
833 381
947 757
325 713
398 63
613 658
597 381
981 926
673 394
123 394
736 991
184 374
459 908
886 789
843 98
610 875
693 584
35 27
544 69
122 49
56 540
288 387
217 355
333 989
317 776
31 558
108 147
330 149
182 569
538 257
166 582
139 470
468 362
491 827
594 1000
492 936
79 80
193 725
527 760
609 440
906 527
444 578
215 385
241 782
963 410
509 227
467 481
958 725
672 861
732 156
471 232
715 854
367 427
997 800
964 63
948 144
766 103
335 958
58 46
723 304
797 713
154 637
48 456
908 294
676 730
436 871
238 303
314 263
798 205
379 343
500 676
660 182
925 214
416 330
733 697
717 20
963 940
584 343
310 517
81 323
122 9
854 454
912 825
536 306
924 176
449 80
503 157
986 873
579 571
644 279
313 513
849 349
201 670
599 487
933 831
991 9
260 175
498 654
27 172
781 507
50 327
74 321
202 154
312 694
746 239
820 278
787 967
331 451
957 395
5 526
264 392
467 131
710 333
527 905
987 968
491 249
115 693
83 467
799 521
356 997
978 923
418 194
164 48
572 149
149 708
836 514
603 777
180 694
608 737
633 18
542 692
46 423
442 144
762 473
215 206
199 288
380 612
785 614
568 786
456 44
564 938
451 211
676 792
399 595
510 370
422 976
387 815
638 410
920 153
663 611
869 154
615 362
824 629
88 183
885 672
427 8
870 316
121 787
638 808
17 788
551 851
682 526
224 516
397 961
509 637
539 824
646 252
43 73
794 771
949 421
678 685
700 877
960 898
890 591
285 829
146 485
483 124
412 416
990 653
666 847
399 997
777 430
249 415
41 491
9 645
251 470
863 167
349 583
331 551
482 158
501 98
139 675
446 573
108 68
400 149
109 925
918 331
611 167
649 85
481 478
69 319
17 156
787 592
210 647
378 689
325 86
700 102
258 49
633 957
300 916
233 463
620 205
822 561
272 253
201 41
76 947
738 256
225 118
68 287
768 637
469 824
23 831
625 690
519 640
83 186
266 870
729 748
508 437
110 609
276 307
870 111
543 159
840 174
383 996
479 741
468 478
85 798
654 975
541 793
453 758
538 684
474 90
300 367
323 22
307 701
912 813
938 505
356 86
817 428
379 287
180 292
698 409
479 808
86 922
813 414
111 317
834 856
651 690
177 815
161 418
164 839
735 392
609 812
262 608
564 224
86 100
380 385
388 50
995 164
248 799
628 326
891 119
75 425
910 447
344 498
252 715
567 320
797 138
367 746
818 550
156 897
194 14
397 425
347 790
14 402
435 251
53 680
518 994
905 511
49 589
260 47
880 602
308 538
204 667
667 85
26 343
706 757
28 489
239 679
610 25
774 886
934 604
153 249
995 606
300 888
887 980
999 62
488 744
639 23
732 923
87 544
719 143
291 755
352 184
933 768
794 259
549 460
457 828
738 407
477 417
996 663
98 566
689 249
641 382
128 855
36 352
393 618
684 308
471 138
566 575
462 446
853 823
505 921
489 508
736 43
917 74
387 794
766 95
954 961
591 276
349 905
727 212
160 582
639 616
578 612
446 204
730 859
68 838
54 273
138 405
722 455
405 617
543 695
102 557
755 309
739 920
811 404
12 908
397 666
255 954
385 774
226 684
561 685
776 212
493 898
540 893
155 281
681 825
839 467
696 35
1 947
787 204
570 708
365 328
903 950
1 880
764 370
399 309
969 590
587 395
626 367
79 543
152 836
621 158
147 558
985 244
90 880
780 955
452 626
606 151
404 765
888 600
425 702
728 1
856 246
340 463
861 891
952 713
790 313
295 885
775 559
671 750
893 586
303 682
306 378
787 761
184 802
25 482
265 161
62 775
692 698
241 956
416 541
374 900
547 306
277 45
108 617
758 574
82 55
998 105
304 69
733 244
884 64
408 35
559 552
836 227
529 525
966 602
163 795
737 354
646 868
794 667
581 817
159 495
190 435
104 944
216 778
587 781
719 596
208 158
962 299
693 169
570 164
418 409
262 782
449 309
506 718
990 628
458 557
313 658
385 753
359 927
765 760
358 822
648 836
920 745
643 920
977 904
744 941
494 577
198 453
258 92
826 846
995 397
581 541
866 226
353 285
837 931
465 512
377 407
322 528
202 234
459 649
188 73
944 823
652 504
342 782
678 300
51 613
518 837
5 926
140 187
37 269
80 992
62 848
999 241
412 152
589 885
491 806
650 971
687 999
714 498
775 817
903 380
634 685
796 716
266 835
270 907
413 694
969 128
348 203
741 620
832 664
656 891
67 373
750 922
417 326
695 111
289 358
629 999
357 228
293 844
989 511
385 273
370 369
480 657
9 413
281 416
64 976
409 44
754 936
661 141
348 408
243 370
10 49
802 557
751 10
935 499
688 392
389 475
86 895
656 914
751 123
219 282
699 532
521 276
171 159
997 263
506 738
213 399
593 506
501 557
816 679
658 310
507 244
489 897
184 209
671 389
762 642
962 64
434 425
832 892
702 6
616 195
618 881
956 617
400 488
735 218
723 642
815 210
309 593
691 416
322 453
596 704
330 968
937 32
757 943
98 124
536 949
908 999
156 860
620 409
876 51
397 102
1 645
973 819
227 721
72 750
843 267
644 840
686 209
674 205
391 473
856 174
145 759
53 998
165 764
758 213
652 194
692 707
788 898
628 705
478 540
559 285
945 217
988 217
419 206
349 273
757 404
686 144
210 57
27 533
802 917
533 803
383 534
421 821
942 543
138 317
836 148
874 99
380 760
436 570
845 930
339 710
976 543
601 651
693 606
231 563
931 329
916 243
76 624
572 621
392 527
472 765
289 921
846 231
629 541
357 506
730 836
531 653
898 676
191 103
159 709
522 987
337 663
229 897
506 262
416 226
74 962
475 23
781 719
873 630
827 506
91 977
22 733
265 568
415 998
222 500
29 396
692 252
285 546
804 534
970 506
226 90
193 131
639 466
549 806
571 850
184 442
238 749
701 235
155 203
742 140
896 963
786 299
630 34
403 934
654 338
468 225
197 493
325 184
733 299
81 42
990 170
837 680
739 358
545 673
608 571
520 993
850 408
409 102
283 589
177 194
19 951
278 832
870 814
242 571
153 26
120 99
853 837
286 350
513 266
6 33
653 494
659 657
452 241
54 69
382 374
673 573
396 1000
384 992
6 107
959 339
281 408
263 344
508 97
673 799
