806 2794
433 677
13 108
644 197
758 144
392 756
342 29
15 489
494 328
557 75
457 170
160 360
712 631
305 7
644 430
420 155
790 14
725 778
501 485
501 80
126 56
163 581
408 167
465 330
504 272
676 315
489 663
1 613
589 92
183 192
96 234
60 411
13 502
605 689
660 566
239 546
108 126
491 398
202 247
665 334
157 660
103 192
803 301
737 731
223 602
406 531
448 202
399 624
127 607
684 290
796 30
174 83
752 701
396 518
402 349
115 44
368 405
780 87
452 381
570 440
609 227
286 299
473 619
222 307
62 557
553 435
625 391
518 74
633 601
338 272
13 488
240 408
259 485
703 668
280 30
633 432
136 32
373 314
32 44
568 347
683 634
449 746
378 806
342 768
606 134
401 210
732 396
394 268
768 684
470 243
782 339
239 135
639 435
501 679
462 599
379 512
734 288
313 293
4 175
229 14
357 89
513 790
419 634
311 77
533 591
371 286
89 690
307 359
570 630
604 710
721 793
63 589
284 731
212 168
584 497
710 684
142 226
631 453
499 700
541 659
376 433
50 325
216 560
711 120
568 559
481 273
610 704
347 490
61 664
226 2
602 729
341 307
219 97
662 120
699 750
276 533
597 439
745 470
268 498
490 302
365 734
21 209
99 612
440 438
69 234
159 167
309 726
458 134
151 674
639 514
36 703
2 507
535 711
687 589
484 243
182 548
802 373
126 526
533 72
750 349
396 776
735 326
187 206
769 149
318 673
363 375
364 639
45 407
2 140
790 221
315 191
407 216
564 400
583 596
433 581
17 390
454 221
609 781
223 325
82 241
334 566
461 150
335 283
355 34
544 224
731 439
624 617
540 276
567 589
641 446
720 657
754 768
593 104
247 427
302 505
160 274
677 211
24 514
186 388
116 392
7 246
451 421
70 329
733 7
348 766
519 652
62 485
192 685
621 204
27 518
32 6
51 354
785 598
382 773
527 19
352 803
314 556
276 657
71 762
162 402
436 565
509 628
310 26
590 263
773 365
757 104
428 177
227 239
514 229
418 378
715 684
681 410
739 385
392 514
564 728
656 30
485 588
235 617
571 365
419 200
149 79
24 77
153 52
692 113
380 56
742 707
150 475
667 559
233 119
380 738
231 293
310 29
114 520
8 229
356 733
532 131
455 204
225 612
742 382
501 105
48 411
502 210
197 187
365 554
96 503
279 158
174 357
612 378
581 411
536 621
303 78
354 621
110 470
493 129
537 80
545 411
741 171
634 503
392 246
600 752
213 258
470 403
291 543
202 379
38 312
187 606
172 343
706 334
583 20
307 703
269 76
497 714
406 634
764 676
531 656
268 639
571 549
576 157
239 615
527 183
604 400
768 217
163 311
18 622
60 360
260 301
211 598
161 416
127 256
182 352
771 197
280 93
672 655
663 375
232 182
158 66
676 433
694 48
626 103
801 314
447 554
800 515
151 598
582 741
470 195
788 759
734 26
595 538
266 306
34 70
1 393
734 165
761 707
237 547
532 725
420 722
42 257
480 588
45 412
798 703
341 517
129 414
555 467
95 444
264 760
427 100
428 110
69 710
381 800
241 767
331 538
773 591
578 16
544 452
411 386
397 533
715 775
32 232
79 436
796 80
303 415
715 58
424 81
688 236
728 756
514 115
200 322
169 291
443 243
300 595
468 446
619 248
640 703
401 570
494 688
82 557
405 416
565 379
179 48
368 87
612 592
278 420
540 15
388 300
192 362
339 694
752 173
200 655
366 380
127 299
524 493
309 638
256 171
797 260
67 676
655 81
61 21
737 236
760 390
81 768
614 170
399 22
326 440
517 481
477 804
166 730
561 143
409 682
158 602
748 366
182 795
716 442
790 474
628 225
175 804
706 685
430 469
720 391
410 148
441 106
373 730
248 498
557 113
139 8
654 292
14 82
35 436
651 627
402 775
630 635
738 534
316 705
196 178
340 132
428 297
442 719
439 63
370 288
686 600
749 369
261 415
307 380
151 45
101 413
658 374
180 665
190 661
147 775
95 400
762 706
670 465
700 187
499 398
492 55
574 13
5 163
759 676
797 391
672 21
744 7
514 712
181 605
203 445
313 717
522 341
540 449
482 175
448 36
432 696
434 75
204 148
649 481
66 85
780 671
120 401
275 396
757 784
222 734
783 155
382 698
626 268
718 741
790 310
61 532
430 268
605 642
270 256
462 788
717 564
672 483
48 459
111 164
5 16
268 366
82 528
200 683
272 98
773 755
299 673
714 681
70 49
472 288
716 617
574 481
196 67
726 438
592 317
378 662
342 463
606 22
131 265
6 728
383 680
319 318
633 551
783 716
381 209
570 789
699 257
537 17
405 406
143 615
277 339
230 504
14 106
72 130
263 126
726 551
390 399
697 4
645 136
596 602
190 306
94 309
692 181
303 579
749 452
660 353
670 120
206 314
134 461
786 788
235 294
364 245
632 263
778 167
28 444
582 661
209 641
223 788
181 671
238 431
555 287
444 172
104 634
73 289
739 599
738 565
775 423
687 778
213 356
219 517
732 65
220 295
591 336
243 254
392 622
543 552
183 23
773 19
741 468
687 104
728 119
177 410
506 432
196 404
71 250
456 190
147 665
595 173
425 530
690 683
503 434
535 784
645 710
26 509
561 267
671 145
303 348
415 717
144 469
456 455
465 210
600 510
798 737
487 698
109 238
523 247
780 260
267 565
72 6
716 284
596 44
641 46
532 555
99 371
190 453
191 766
531 523
568 383
645 165
328 330
402 685
313 433
464 707
136 800
548 570
474 43
607 642
131 477
150 449
338 779
29 560
644 758
139 80
771 64
591 190
349 575
104 278
485 47
391 594
769 733
24 644
738 260
190 1
262 186
727 319
287 51
71 664
510 605
350 758
753 655
792 520
631 127
309 578
361 758
696 228
200 73
520 434
777 293
465 27
29 698
802 689
485 46
329 795
201 46
310 758
224 153
668 791
42 213
7 690
31 603
32 764
538 723
406 608
227 5
432 496
781 310
470 379
587 284
257 110
546 428
780 651
642 522
336 368
596 57
337 201
10 241
344 634
238 172
761 769
745 530
781 159
234 41
487 788
26 320
797 319
360 20
141 145
485 191
753 697
166 155
388 417
9 153
67 773
394 798
586 209
611 481
631 553
263 677
503 32
454 620
384 578
480 1
444 127
652 65
141 57
788 513
734 392
385 401
721 440
463 583
712 240
502 763
493 225
184 659
791 48
563 474
79 569
528 221
31 442
383 344
513 621
478 518
316 218
633 392
201 193
38 733
419 429
773 684
777 22
246 142
302 140
52 457
731 331
604 469
40 155
4 112
171 461
65 578
526 753
391 117
752 772
417 410
770 744
275 475
97 370
667 199
61 364
654 451
489 563
632 603
753 516
457 199
21 564
172 251
652 224
748 743
32 792
124 201
783 778
400 801
772 204
95 279
584 751
604 344
493 322
379 172
176 578
600 431
502 430
711 635
696 301
280 544
448 417
84 631
360 152
51 252
91 719
221 692
537 51
3 651
82 164
736 455
234 768
53 204
218 710
590 40
315 87
635 641
248 50
50 399
362 531
793 589
5 506
464 660
545 362
49 717
301 692
592 144
149 666
470 317
557 387
501 316
284 214
507 80
487 595
491 506
452 219
44 471
79 389
7 631
746 713
503 627
87 453
550 573
347 117
210 561
378 556
155 208
180 806
207 689
429 663
141 595
399 32
300 30
110 628
287 489
400 306
398 662
426 452
25 644
541 499
338 175
502 145
159 201
340 673
18 784
755 121
148 9
223 567
294 685
668 269
629 659
563 651
602 626
215 388
217 400
459 40
97 301
466 337
121 423
267 87
53 751
360 415
697 340
587 326
386 14
601 240
529 198
473 434
398 665
311 200
481 136
521 348
556 685
796 143
637 397
609 660
148 16
88 233
47 146
317 712
90 227
768 466
74 633
181 643
274 560
117 112
545 381
486 783
603 35
327 168
662 770
648 610
668 637
794 800
428 550
675 661
714 289
616 410
286 385
360 728
757 728
418 178
296 693
7 345
7 804
55 524
247 238
708 524
699 489
754 651
169 761
466 140
693 182
587 290
165 152
275 5
556 325
574 60
685 412
354 534
619 597
494 671
742 333
419 431
209 394
381 387
140 630
354 596
572 436
239 424
173 106
599 370
16 490
326 520
97 730
27 307
87 498
141 48
789 209
193 216
376 528
234 266
590 562
672 27
82 159
190 465
669 87
490 793
213 459
587 57
164 350
20 571
511 97
93 582
779 318
102 668
195 10
530 270
416 493
107 739
308 352
609 101
76 319
131 489
167 749
666 228
298 346
543 190
396 597
199 451
805 506
238 341
682 555
562 556
558 215
9 409
263 687
67 431
175 525
216 29
713 481
58 652
686 556
83 162
565 805
180 514
713 626
209 678
429 749
263 570
216 657
570 259
33 362
333 231
761 558
500 680
304 793
429 201
88 587
503 397
694 789
755 489
611 44
410 257
133 656
432 791
310 669
424 732
26 688
778 739
246 192
602 495
484 541
414 751
262 277
64 524
446 785
711 645
106 411
17 492
592 499
739 27
23 249
781 482
73 369
640 441
125 154
284 539
321 717
505 586
754 138
578 508
82 121
601 504
491 567
534 457
286 634
650 23
635 98
399 705
450 666
291 217
254 687
57 548
77 259
705 475
690 17
565 542
340 362
567 416
770 556
366 750
20 466
461 53
227 142
137 154
13 567
801 534
749 237
605 616
629 354
494 504
99 456
750 372
170 690
205 129
116 183
691 705
525 248
430 132
305 288
606 424
308 747
251 771
322 721
336 207
653 713
468 496
791 58
411 147
13 560
434 455
270 97
164 377
76 459
321 432
540 204
559 655
212 688
781 246
654 689
752 784
35 492
716 699
400 740
256 29
591 30
518 799
595 219
99 94
407 137
635 112
196 118
73 178
37 333
314 684
645 680
405 782
559 438
67 483
107 7
527 660
767 51
700 232
756 509
295 211
478 522
173 617
11 280
663 137
569 726
470 256
367 632
440 711
388 19
744 300
209 366
546 254
674 43
574 720
645 512
301 330
514 784
58 705
243 58
199 298
682 695
132 225
727 670
176 336
638 303
19 612
459 605
28 494
624 654
619 287
772 762
167 677
379 132
357 55
508 760
453 740
203 363
762 419
791 661
71 304
456 18
256 223
578 475
228 638
466 183
259 372
243 773
407 148
28 175
339 428
340 294
587 597
749 574
394 235
623 558
20 270
385 671
98 167
740 714
86 27
406 455
651 110
763 296
253 805
163 5
733 550
558 75
28 156
280 220
748 83
770 736
63 466
169 255
188 551
154 6
192 253
51 255
622 209
768 160
551 314
37 459
699 600
38 591
498 366
81 158
63 794
103 126
568 322
318 684
119 94
230 71
200 768
94 392
373 735
357 795
67 253
268 541
712 230
431 801
700 421
313 157
349 341
725 608
145 542
512 728
451 148
381 203
790 617
253 503
118 60
138 86
703 686
280 187
725 322
489 176
234 414
531 428
553 36
758 544
229 318
47 342
803 694
733 307
571 15
95 656
722 775
348 93
17 602
597 602
337 745
377 580
377 511
143 95
726 684
38 131
442 581
166 802
152 77
796 379
10 474
526 457
414 376
804 747
113 648
130 486
497 380
614 646
646 271
711 690
639 209
698 778
626 701
593 67
703 515
334 745
506 783
312 678
59 146
207 479
520 714
458 254
361 350
693 69
549 283
402 30
41 185
153 74
389 361
137 198
45 503
764 446
395 638
288 526
614 43
120 130
159 181
436 590
435 510
349 664
419 687
331 234
631 496
502 239
547 449
750 422
695 180
365 786
369 121
702 261
557 638
758 732
31 650
512 348
70 361
146 566
696 522
281 6
564 608
393 298
565 132
218 273
327 81
348 653
792 107
108 584
778 2
797 486
375 723
377 235
753 490
388 391
557 27
315 775
462 405
147 395
37 197
3 280
409 81
216 16
454 126
365 6
555 90
520 676
228 696
212 655
72 132
44 300
166 72
495 313
464 125
464 35
445 31
68 208
308 220
492 30
554 33
537 111
519 331
746 642
598 611
144 74
313 269
267 404
323 390
415 20
625 333
174 171
203 307
139 523
485 678
109 250
677 205
77 390
28 301
542 37
375 236
142 232
516 298
384 763
222 442
167 32
26 577
512 231
36 698
143 710
347 484
424 583
404 40
540 653
632 598
211 491
11 198
505 650
201 129
241 487
271 521
67 63
641 265
568 791
571 517
436 293
420 610
404 209
361 65
146 551
174 447
128 686
1 592
111 646
155 100
48 26
457 702
272 141
347 54
171 176
25 459
779 101
174 228
802 533
89 431
109 91
556 81
4 278
137 293
728 64
466 555
68 190
159 1
568 798
364 372
541 159
709 376
76 752
661 806
672 69
593 560
461 543
5 222
394 446
675 204
305 556
369 518
715 680
383 270
666 476
244 192
507 325
512 588
521 551
389 503
335 663
126 119
610 119
23 591
282 593
212 207
144 39
515 339
309 302
96 730
62 308
798 354
356 721
380 258
44 404
516 406
316 634
304 743
800 433
622 98
754 130
40 161
310 86
118 595
737 768
43 45
434 97
626 142
94 648
8 798
558 129
779 566
504 599
565 396
658 94
89 529
438 627
204 79
773 703
49 802
155 248
359 376
604 744
42 718
449 80
269 278
605 401
572 779
356 234
264 234
749 594
660 422
241 602
480 706
765 135
184 123
61 243
366 359
459 131
775 68
416 425
567 294
110 311
113 4
245 693
46 318
257 597
180 289
725 269
219 461
406 107
726 618
140 662
507 438
572 753
791 170
333 131
154 534
448 461
50 273
722 495
790 573
702 196
170 61
178 173
548 457
510 163
261 344
618 184
67 9
142 46
736 638
347 265
114 20
186 761
702 38
26 527
670 187
34 352
12 781
439 468
625 3
741 218
283 5
748 380
795 594
715 6
550 526
148 570
313 363
49 316
372 24
500 85
428 295
339 337
306 113
197 147
200 350
136 688
121 86
322 282
289 725
803 642
678 530
167 422
5 263
378 734
622 207
606 389
494 759
261 99
802 156
402 388
646 466
523 406
565 747
514 78
718 797
314 469
28 509
595 506
326 579
112 310
573 151
389 22
48 83
339 474
92 351
588 628
609 278
704 718
524 281
764 630
263 658
285 267
158 43
68 634
586 558
462 349
526 290
567 656
716 576
453 416
739 673
538 572
137 381
722 781
390 594
338 291
102 550
31 403
643 2
57 602
719 235
668 385
600 353
68 479
395 332
553 410
78 197
638 328
165 282
757 779
652 796
210 11
57 63
183 220
314 736
227 2
101 696
398 494
232 803
522 425
446 623
27 340
442 578
81 24
145 783
743 95
637 568
470 705
185 599
294 562
85 545
212 159
273 607
697 346
21 454
51 277
186 107
776 412
727 408
340 142
88 276
180 442
71 565
420 499
277 667
560 296
389 225
610 674
700 154
529 403
216 381
344 732
38 10
24 730
448 272
359 17
373 451
506 653
423 323
387 354
372 281
637 275
331 474
108 524
664 793
352 619
208 527
416 421
285 495
366 689
78 659
724 354
409 563
672 247
546 180
503 130
250 674
805 634
609 61
721 397
353 224
276 356
109 333
425 105
193 520
468 540
126 358
458 227
340 3
696 283
310 654
156 32
384 661
658 350
736 131
310 387
253 470
719 438
22 194
81 412
317 467
121 440
582 800
362 377
566 750
699 81
457 606
519 290
168 519
154 288
256 389
337 699
698 237
691 331
729 60
178 343
507 119
271 653
77 136
256 431
457 559
262 661
280 133
694 648
279 121
248 425
359 228
505 62
513 460
126 67
610 107
577 402
580 300
430 110
126 281
473 355
606 600
423 366
705 502
11 677
528 329
802 286
344 37
696 186
236 19
381 555
681 381
702 319
170 84
158 679
569 106
550 585
457 673
422 701
134 586
135 344
505 455
322 663
398 544
549 506
666 237
796 454
634 537
266 223
569 563
517 428
333 229
804 21
80 209
597 468
501 559
322 178
608 146
437 40
440 260
280 237
652 48
403 218
492 245
755 671
58 501
31 229
408 87
278 758
155 463
339 538
288 236
402 284
539 357
766 806
474 511
308 89
114 683
497 32
779 773
234 500
255 633
145 538
576 680
724 397
7 771
359 474
125 307
276 481
40 74
663 681
340 261
270 777
244 477
668 30
532 362
600 177
497 238
452 133
578 322
745 549
599 184
214 469
287 60
146 525
651 265
635 307
156 662
233 284
112 276
112 165
747 733
334 104
691 319
726 601
588 602
648 74
390 532
762 293
393 715
378 554
608 200
347 451
286 379
557 588
303 372
322 584
291 62
510 182
788 698
478 656
707 614
690 223
194 453
412 396
766 455
794 461
556 197
630 77
223 347
391 615
454 729
128 293
354 14
782 593
569 30
329 340
71 626
762 553
299 800
529 451
584 765
418 161
696 460
62 331
60 518
280 788
171 464
122 159
126 771
771 43
520 702
668 527
62 351
675 711
31 446
804 417
194 551
205 503
500 499
118 214
194 584
13 719
535 254
537 4
239 40
152 545
666 123
173 596
319 192
47 494
286 454
608 177
56 61
459 8
758 17
281 569
714 732
621 412
146 649
753 695
149 652
577 321
541 379
300 53
733 777
257 494
683 451
188 296
26 104
411 203
316 694
224 726
797 200
545 23
524 169
766 361
72 672
553 55
242 573
668 347
691 161
233 198
14 125
803 645
166 136
483 321
598 560
138 697
510 389
132 322
6 303
720 189
638 460
712 3
532 163
681 693
795 563
121 288
788 530
129 491
573 37
478 652
478 703
212 793
728 615
552 224
285 196
292 752
396 457
626 737
313 702
613 485
759 177
508 181
184 24
645 320
314 362
62 594
584 537
415 221
517 203
349 158
498 78
333 634
672 774
401 567
220 474
333 213
356 199
140 699
201 419
458 563
494 646
585 703
620 797
37 8
351 477
528 30
195 609
34 545
1 719
721 409
298 378
542 790
673 350
359 599
103 738
162 359
183 223
497 636
68 432
198 665
107 545
127 546
186 525
722 587
744 47
154 626
590 57
497 481
151 41
83 130
429 87
748 606
654 757
538 315
290 485
540 168
238 407
275 395
350 717
277 627
117 569
667 634
300 129
709 656
437 606
582 773
62 357
285 356
432 152
417 737
626 215
240 752
594 44
13 450
560 297
119 587
172 551
48 541
88 388
587 23
300 308
679 639
151 283
481 416
708 512
509 744
420 5
131 513
43 675
46 187
560 649
639 653
587 351
56 342
95 640
206 118
226 455
774 115
174 95
571 786
66 57
675 359
15 645
368 198
646 306
119 60
229 556
41 278
603 396
513 497
215 521
499 64
157 555
155 482
138 278
69 227
494 563
779 483
70 770
660 358
255 258
590 558
153 630
117 301
121 349
102 777
527 727
146 559
774 181
144 729
409 465
416 579
256 575
560 496
427 740
597 187
286 724
787 238
21 68
346 425
651 664
84 306
175 101
710 560
269 160
750 438
381 230
644 649
277 352
777 194
427 575
62 802
598 303
158 459
344 515
2 514
505 211
785 614
659 83
9 589
330 176
791 598
215 288
504 718
139 410
240 720
359 624
477 741
169 691
672 520
731 206
624 227
40 746
367 60
404 42
79 61
322 613
641 639
507 547
553 487
476 31
520 525
7 780
483 119
487 242
180 320
493 263
169 721
115 246
97 327
670 568
59 511
640 635
291 665
733 669
718 190
629 438
577 208
462 504
240 531
686 459
445 497
728 776
380 523
770 363
220 790
630 206
24 652
65 262
726 40
210 195
456 90
240 359
185 55
439 324
163 273
174 37
391 481
451 650
655 405
769 228
327 215
580 162
636 536
675 206
541 653
684 571
722 207
443 111
474 388
632 288
482 698
159 8
142 80
554 112
366 121
186 739
97 337
426 178
299 64
102 441
451 627
231 682
768 644
326 762
129 94
94 216
630 318
204 589
31 772
605 746
215 733
329 790
2 449
37 435
493 614
313 333
205 92
647 720
64 138
401 415
713 70
289 121
458 776
482 479
137 655
175 650
417 498
198 84
56 408
773 598
577 143
443 683
622 305
548 700
557 111
372 768
543 44
71 444
185 693
667 797
190 12
72 652
99 575
575 630
300 177
671 631
637 760
301 595
50 127
486 140
344 491
620 190
43 36
392 727
483 301
29 73
447 206
18 474
128 241
458 174
663 559
388 675
80 628
677 702
147 550
132 229
775 70
120 410
598 325
194 426
414 234
459 463
498 43
557 725
429 694
156 18
462 658
362 292
346 87
400 734
628 500
708 284
321 403
726 616
621 51
749 585
630 686
515 484
384 98
111 314
648 121
685 481
261 404
453 760
58 770
57 250
609 805
86 428
669 590
84 655
573 146
749 288
309 622
356 163
42 241
499 400
357 647
487 4
587 279
510 61
611 730
263 66
156 581
487 544
719 286
152 197
788 475
9 173
120 159
127 308
405 467
632 649
120 574
317 252
154 654
301 98
715 270
554 712
658 677
212 712
781 30
784 782
345 771
103 794
642 538
700 613
773 292
539 417
351 594
714 82
273 514
45 398
291 306
458 219
398 664
268 17
550 430
84 369
383 530
509 295
552 621
630 731
5 108
524 499
709 531
217 539
109 627
310 796
773 546
208 178
172 456
306 97
572 271
495 202
445 87
620 605
141 265
440 20
242 791
169 13
703 614
66 158
634 276
779 94
7 67
156 797
711 486
625 180
769 527
60 225
613 373
337 503
9 549
247 6
566 85
440 317
797 352
559 126
268 536
508 495
182 104
572 800
4 725
361 391
299 403
381 237
47 593
655 461
107 484
515 694
91 789
61 629
465 674
24 193
31 215
566 486
197 566
312 416
646 334
760 361
338 502
72 26
175 217
788 545
96 240
428 3
648 371
537 380
635 190
138 183
593 19
591 568
391 234
792 798
652 749
771 573
659 677
566 691
110 805
773 160
119 184
10 452
603 256
316 105
427 611
463 234
687 385
664 446
126 37
384 318
619 589
367 240
597 270
136 686
448 693
657 508
396 96
296 351
222 790
741 148
393 68
124 717
432 558
713 691
456 346
607 385
673 530
350 33
151 383
670 700
432 291
513 49
768 295
717 647
61 760
797 782
70 622
489 762
93 370
331 30
518 262
612 229
579 417
599 489
180 284
471 224
57 79
114 40
558 264
322 486
489 532
603 636
518 479
152 740
580 274
362 349
715 537
202 227
609 673
20 411
331 539
204 597
11 293
468 162
89 248
312 292
773 527
67 218
625 111
753 50
164 10
10 656
728 336
98 645
158 449
586 190
274 194
203 232
115 433
728 110
657 515
359 432
507 299
716 669
805 609
437 519
665 745
758 94
769 782
297 713
501 426
251 450
751 303
128 183
681 378
205 694
424 408
225 624
744 705
409 102
736 721
38 537
455 784
520 519
765 537
499 416
778 160
391 759
603 413
89 202
645 110
237 450
772 467
424 382
495 148
371 721
229 344
393 426
569 398
697 193
297 6
23 231
183 25
372 368
393 685
198 778
549 171
330 525
488 131
192 550
444 399
485 603
474 582
683 144
320 687
185 109
689 39
159 767
666 318
24 237
760 695
391 637
267 563
571 631
678 425
700 81
538 372
21 512
405 673
62 265
63 389
376 453
583 594
584 372
251 464
400 256
518 443
544 797
407 71
465 68
209 546
30 178
260 147
458 775
277 567
670 433
617 759
595 467
671 301
15 265
329 152
536 32
737 688
424 367
498 151
423 611
64 512
376 349
466 697
486 363
97 686
666 424
188 180
226 483
562 73
485 508
273 708
664 649
41 123
73 125
89 172
473 13
625 696
442 657
31 60
144 139
604 644
435 444
222 69
365 376
348 208
653 6
325 538
330 317
774 367
637 701
300 482
52 106
693 94
668 683
496 471
547 704
320 37
763 267
786 680
342 193
306 549
422 787
41 141
467 26
617 737
228 296
289 420
606 86
690 766
322 420
432 615
71 687
276 509
254 769
58 571
717 621
367 482
385 695
705 570
706 478
84 350
583 569
768 779
302 715
759 637
696 605
531 390
699 431
442 188
177 441
92 711
282 27
600 18
266 241
247 547
692 245
58 127
793 653
705 563
705 425
227 486
358 237
230 740
374 506
359 370
180 701
248 193
308 423
41 255
480 510
372 132
563 725
731 737
399 194
758 624
443 690
356 45
746 24
359 80
273 429
57 136
287 705
719 272
43 486
596 77
523 359
225 113
256 150
207 393
559 296
708 99
212 8
107 210
101 32
219 86
40 153
631 799
321 798
602 470
108 371
610 22
424 303
187 254
84 622
250 409
197 190
411 616
700 11
22 566
137 239
228 494
563 334
302 294
508 756
40 241
295 694
153 105
172 136
161 249
418 264
789 316
183 93
166 63
585 450
689 406
751 398
254 210
274 404
28 528
466 655
162 459
454 704
271 10
698 316
593 346
540 507
584 774
45 382
564 786
322 78
452 256
418 743
453 745
257 163
165 618
683 75
477 264
646 180
248 635
687 501
305 724
717 328
608 325
666 778
561 280
242 392
135 215
319 65
