874 2871
421 280 252
756 790 381
309 7 652
514 345 540
42 797 655
745 829 462
679 568 15
162 425 580
870 196 425
243 495 375
421 473 914
743 82 803
571 515 59
874 157 477
370 210 15
248 99 734
102 327 448
739 248 465
761 127 785
802 445 691
664 502 453
703 348 175
123 351 619
142 742 199
152 542 501
45 647 716
575 731 763
391 523 472
317 561 486
453 653 432
530 650 196
484 856 549
539 267 829
654 687 621
274 233 784
449 785 306
423 5 77
273 327 651
490 9 832
663 70 191
296 669 893
698 713 817
599 583 525
666 866 440
305 203 623
770 90 619
600 455 626
467 601 380
565 348 192
461 766 785
683 871 683
502 809 425
140 259 254
266 480 720
761 310 349
219 254 816
249 409 801
116 513 602
242 303 901
95 554 388
575 113 629
561 322 316
78 537 936
23 691 852
686 325 134
693 364 765
866 424 363
723 70 817
733 275 986
195 725 732
556 351 324
59 483 532
94 59 899
269 675 985
744 478 125
51 151 128
431 530 183
425 296 366
843 668 191
93 321 676
639 571 72
611 561 460
320 605 44
140 855 126
358 418 844
572 556 778
667 863 571
866 65 305
103 677 76
684 387 812
654 390 833
456 217 952
158 423 138
367 807 852
360 508 692
831 797 746
1 325 166
691 332 843
756 738 534
161 167 417
367 468 749
131 362 67
424 605 380
793 355 435
579 847 894
26 436 928
559 337 645
611 257 296
283 664 207
735 198 919
158 257 285
574 381 712
284 333 637
421 422 676
546 416 70
518 95 724
225 507 1000
593 643 694
635 579 536
247 149 840
407 681 56
664 645 964
119 479 532
359 789 340
313 805 164
174 806 643
622 538 220
638 800 520
206 835 899
352 51 517
119 704 631
17 799 266
14 245 22
307 532 451
838 801 52
163 704 140
851 759 454
728 693 990
314 596 905
708 203 756
427 756 444
534 178 45
413 583 913
606 318 422
122 552 504
553 722 887
273 212 530
553 19 22
94 866 782
370 155 267
325 237 18
433 160 216
646 272 828
691 401 812
430 232 502
704 857 797
38 725 796
16 423 606
69 679 856
330 825 768
857 418 441
62 608 830
624 194 31
601 553 445
113 489 956
303 102 475
780 186 418
137 37 384
748 184 834
77 321 230
32 483 253
284 631 379
803 200 356
844 793 203
838 477 82
810 473 510
88 436 308
43 338 479
719 36 319
14 809 359
379 859 991
813 172 769
50 412 14
451 582 317
187 240 57
868 700 630
728 409 878
265 68 850
511 475 790
860 417 194
72 381 17
605 807 389
668 266 405
587 591 882
344 445 809
198 581 210
390 822 186
32 743 650
339 296 186
356 672 785
319 789 561
131 426 575
602 573 329
809 186 597
408 75 638
860 399 989
507 387 764
288 541 279
100 58 740
223 385 926
134 438 464
288 833 161
167 822 420
438 769 918
135 150 537
694 92 308
291 452 255
277 114 763
3 858 442
25 301 966
411 96 224
189 381 714
169 215 159
195 160 387
496 309 45
435 616 935
787 729 170
418 283 192
559 670 542
640 838 805
601 669 358
337 201 617
602 318 908
420 1 870
745 871 176
265 738 830
90 336 742
664 750 71
435 663 307
303 405 887
238 74 142
409 728 984
23 463 369
367 850 936
647 370 858
280 803 451
383 873 447
260 27 252
503 778 200
828 139 624
267 548 849
577 110 995
455 666 312
814 844 878
533 546 524
90 115 331
346 769 811
830 49 80
521 838 795
665 124 466
104 571 310
271 446 915
478 688 960
418 86 476
501 718 113
246 832 252
479 652 905
451 2 419
529 271 411
613 631 192
367 237 226
548 88 930
804 369 915
697 202 806
761 792 262
533 455 140
399 339 70
323 551 76
55 848 411
74 675 289
145 59 869
789 314 867
816 689 275
79 438 757
789 455 904
272 341 105
60 242 417
103 616 341
93 37 550
252 47 228
7 237 274
461 19 277
256 332 160
605 545 229
624 93 32
382 706 870
340 312 684
597 768 296
781 361 966
53 15 923
789 278 77
761 619 860
206 235 817
212 397 440
506 504 633
373 507 154
275 801 306
830 863 665
850 582 997
73 409 969
188 189 382
683 184 517
120 536 67
283 521 29
219 391 276
344 610 497
356 266 200
135 10 858
218 446 831
269 277 130
120 685 503
716 832 233
297 619 100
291 577 983
532 349 958
454 450 67
281 134 515
396 380 170
132 19 618
342 537 104
217 833 535
799 429 399
452 474 740
203 142 316
679 57 610
109 258 612
202 861 467
657 239 937
413 622 273
539 65 341
206 682 686
748 601 667
578 350 453
326 642 943
354 54 824
107 419 415
67 695 824
615 115 436
56 281 232
530 720 549
379 362 761
366 422 561
8 18 392
778 200 285
114 379 901
551 356 695
86 346 292
510 349 905
250 28 524
844 496 37
810 552 757
866 138 60
657 745 95
550 57 830
661 234 237
768 853 964
721 340 72
516 607 513
615 39 616
544 700 460
527 593 296
709 402 452
259 535 523
199 778 732
587 84 748
571 775 134
128 539 98
717 403 72
37 160 512
519 844 674
703 694 160
824 572 565
809 225 45
95 188 935
426 119 742
776 83 671
564 191 631
808 723 764
651 494 501
823 178 292
618 729 95
675 424 547
304 137 966
367 317 834
713 691 836
237 4 275
486 69 912
377 487 714
647 866 593
313 120 380
78 685 378
364 508 143
301 568 568
333 236 657
371 554 912
826 643 571
252 143 784
767 396 209
15 269 482
382 232 10
577 264 931
774 295 911
711 401 813
598 430 216
447 598 571
165 679 895
668 88 436
654 701 843
355 335 908
147 450 541
155 89 194
797 477 469
479 414 131
232 86 530
241 872 280
77 528 239
93 298 450
726 687 902
673 765 645
202 41 477
619 77 8
514 320 799
535 496 259
839 468 710
833 310 569
141 133 225
351 131 606
412 351 895
154 633 704
371 620 448
444 588 302
408 792 904
756 698 427
593 146 159
803 614 388
273 540 168
223 548 917
846 460 587
532 46 201
219 533 944
370 419 2
859 381 863
325 93 1
798 869 416
698 214 642
624 727 42
194 128 662
45 62 9
360 195 197
657 245 707
407 573 339
608 46 790
165 467 674
43 518 209
83 831 777
581 38 91
874 297 796
560 366 522
475 214 715
93 612 888
574 65 92
434 290 451
221 806 276
482 68 861
691 34 544
30 348 660
865 398 743
145 593 211
306 105 777
506 146 535
300 762 567
651 76 925
442 454 360
320 460 513
587 409 38
793 754 672
603 678 809
797 24 663
558 870 818
638 507 960
855 691 710
513 640 572
723 114 219
352 861 529
494 162 167
580 204 746
100 467 534
90 17 776
337 50 740
334 675 291
602 469 732
59 306 50
774 851 460
749 525 202
395 201 166
72 157 145
475 563 670
164 382 519
79 852 380
198 530 509
499 283 40
190 319 250
709 144 915
220 524 461
535 854 873
597 622 905
169 381 171
730 16 328
174 81 725
147 240 910
249 192 161
39 90 271
354 743 691
603 605 491
187 760 109
372 31 568
413 633 204
828 399 486
42 353 469
634 140 723
782 36 468
845 211 515
174 631 111
473 846 670
341 297 423
237 144 104
796 330 92
818 200 690
121 400 748
841 293 224
601 488 236
222 841 678
20 455 899
670 467 811
598 510 682
28 431 818
175 169 250
862 859 64
119 25 798
720 112 860
506 416 428
132 509 104
378 303 359
220 618 593
829 177 438
657 553 480
869 181 74
104 324 27
197 312 924
218 770 515
523 58 49
118 575 827
807 591 599
277 445 96
400 797 131
130 701 222
682 649 253
840 799 127
146 551 909
181 158 439
507 841 281
404 649 140
233 22 701
266 524 972
112 598 869
817 16 693
80 487 819
219 25 724
863 125 373
223 400 237
364 517 488
417 815 592
276 96 585
32 779 813
412 439 270
494 591 438
626 215 441
328 181 972
122 506 635
531 620 162
148 273 1000
263 375 904
685 44 93
96 414 85
426 121 741
804 768 529
441 589 851
246 589 19
502 399 768
293 531 816
250 146 697
722 343 35
610 234 627
398 272 413
103 786 205
569 289 873
527 605 474
410 779 901
38 536 513
716 106 358
607 149 331
325 846 147
491 546 544
56 367 809
661 842 505
631 840 661
521 547 455
137 684 321
192 405 273
643 786 902
858 857 393
745 165 809
454 89 909
63 191 175
478 119 852
190 754 628
95 776 628
511 706 422
192 69 744
873 773 330
540 869 286
348 747 499
385 781 210
485 647 225
256 280 362
674 546 312
600 498 283
424 426 664
327 128 329
823 27 697
289 497 8
153 282 462
846 609 815
631 787 825
798 367 498
680 669 597
383 657 489
764 637 543
686 307 370
688 350 476
750 289 133
752 384 827
802 495 145
414 298 58
187 289 195
826 274 218
564 612 447
446 550 93
319 562 160
632 726 565
204 100 803
281 362 426
429 67 514
346 525 713
751 720 767
778 851 287
696 237 782
496 181 435
682 728 273
37 390 913
454 845 336
188 234 664
477 778 934
644 582 15
421 179 15
95 64 412
5 52 569
614 369 508
676 487 74
420 321 893
176 202 465
389 823 968
321 596 258
383 515 774
542 710 881
683 64 225
450 67 256
768 849 27
450 222 674
629 146 806
443 286 31
152 796 859
98 200 651
731 139 893
314 750 923
491 681 316
619 70 682
821 868 768
209 701 129
22 392 137
625 319 248
149 343 710
281 326 755
352 394 47
56 590 424
165 202 630
716 79 563
735 43 114
132 299 316
777 500 865
266 468 250
363 117 478
271 236 619
310 571 472
476 239 297
393 248 732
650 137 133
690 764 192
352 662 347
45 212 97
477 246 737
183 158 300
661 451 352
110 866 581
475 420 953
175 163 914
539 290 975
592 785 750
717 294 97
595 74 858
175 456 711
530 587 409
804 56 431
578 829 649
361 48 386
82 819 991
115 32 367
285 749 106
191 855 227
406 137 635
788 835 467
658 178 258
392 438 357
856 862 274
384 46 681
634 851 702
828 600 722
765 77 643
551 227 260
161 71 94
30 294 507
254 757 464
605 180 434
784 13 367
211 581 852
393 162 621
136 656 267
189 727 757
153 524 727
501 847 217
382 630 427
594 520 401
210 805 936
74 373 206
107 223 861
664 303 449
337 743 155
422 98 611
849 620 445
536 48 680
274 842 301
835 162 830
274 320 958
327 624 250
473 837 616
186 592 551
365 391 825
825 235 731
478 732 802
421 659 69
374 498 839
227 314 574
735 339 142
271 336 333
215 440 504
709 636 329
237 585 437
734 163 456
803 237 536
196 503 105
870 451 386
157 166 803
319 483 867
541 3 784
605 327 967
404 237 881
709 556 930
824 404 348
754 246 778
362 140 219
856 467 949
598 659 987
303 499 317
668 76 32
526 829 787
249 513 90
867 540 713
758 612 140
64 562 225
56 518 618
190 409 111
513 733 33
712 851 297
479 18 511
151 648 451
476 86 525
406 403 116
782 134 736
261 9 275
823 576 275
770 821 321
262 715 738
636 329 525
480 212 158
152 124 40
598 796 643
585 774 167
697 56 906
775 838 238
279 363 142
306 186 897
165 93 25
309 732 822
525 218 850
528 544 652
612 563 783
43 235 209
574 633 431
257 310 701
385 382 466
616 649 609
25 678 579
381 216 424
300 127 353
32 846 65
826 438 426
77 645 697
172 508 332
762 93 546
140 207 774
128 157 959
258 570 835
526 210 488
342 761 620
7 449 78
267 763 333
367 874 483
34 349 342
355 715 25
175 274 206
464 696 208
775 305 982
771 11 493
337 609 283
310 226 32
250 609 202
53 790 787
561 263 618
635 431 179
445 767 852
309 22 94
703 495 389
155 666 225
607 256 958
410 127 217
841 314 462
402 700 124
306 188 108
512 540 802
31 711 263
83 842 82
162 381 807
462 71 900
387 201 107
719 669 618
616 369 628
840 452 298
521 518 452
575 142 950
841 721 59
244 189 201
49 367 667
303 196 667
695 518 648
386 822 274
61 610 944
333 455 676
642 497 84
704 51 181
460 235 720
215 319 5
23 615 523
367 49 333
157 96 322
74 819 844
500 641 288
444 513 348
137 166 329
477 586 209
157 385 993
514 270 772
821 795 202
504 137 320
508 865 602
172 672 278
85 258 799
589 731 170
636 31 380
781 821 876
327 8 1000
520 562 56
627 546 740
523 291 580
22 587 971
497 778 55
752 130 793
531 337 314
811 701 96
152 217 905
821 575 570
29 326 381
286 517 407
559 4 15
827 663 443
390 612 342
457 282 211
664 321 114
781 112 985
722 169 120
337 319 198
348 283 948
80 185 231
65 722 194
47 284 297
271 538 819
614 441 38
780 288 379
384 261 251
63 377 929
119 275 261
332 108 451
439 274 632
235 53 242
493 563 700
386 724 39
231 772 820
811 699 507
248 39 537
785 422 825
232 838 521
745 328 76
851 560 292
78 783 395
520 399 576
813 527 899
727 107 511
477 380 900
815 871 1000
8 185 865
612 308 153
94 204 645
506 122 47
705 45 380
363 279 669
109 35 700
552 254 409
587 72 449
344 731 268
260 449 793
577 838 631
426 313 988
462 178 897
153 399 897
565 94 414
537 456 551
218 366 549
498 259 620
243 722 556
476 77 481
329 702 477
227 773 968
223 740 432
242 111 958
123 297 217
451 63 299
522 524 489
198 773 873
299 753 665
70 842 364
315 831 477
480 756 912
93 433 742
186 689 319
758 625 922
399 239 926
354 817 720
50 212 844
138 611 96
123 104 153
239 459 562
57 840 583
394 218 663
448 464 420
657 516 148
771 407 67
318 87 688
313 382 37
849 56 402
847 780 235
297 396 11
196 288 671
865 99 120
672 437 74
179 570 567
836 613 2
646 528 638
310 623 215
503 545 618
145 112 242
673 784 757
640 784 561
368 40 594
701 207 559
735 346 699
310 64 949
28 183 92
348 608 778
563 228 540
484 248 608
627 215 608
859 601 85
69 275 971
552 642 437
481 137 378
188 659 617
340 607 923
64 844 430
132 596 765
798 452 613
158 858 483
665 511 822
767 96 368
266 166 701
597 377 783
672 264 209
42 77 720
432 486 667
711 70 849
801 506 7
812 523 538
655 243 509
588 249 45
128 738 745
291 837 708
281 113 95
809 874 779
762 338 441
312 344 545
802 61 861
297 622 634
618 862 26
851 831 8
580 688 274
849 245 149
123 333 39
456 398 660
765 34 930
290 324 940
668 406 106
172 491 501
450 74 581
500 45 1000
40 615 634
750 659 558
42 812 340
10 532 570
237 62 951
518 702 198
488 640 604
91 838 239
628 719 402
507 719 706
428 837 713
157 329 90
223 356 453
646 225 461
605 540 252
304 731 711
806 367 478
675 728 656
257 512 681
501 348 398
6 103 446
768 236 634
227 355 996
256 251 968
691 457 470
170 176 109
323 147 147
283 786 358
729 165 868
830 810 266
507 446 380
633 468 273
241 20 603
32 461 146
449 100 246
7 128 540
630 866 496
658 222 634
137 254 266
296 863 907
116 518 273
127 399 981
105 453 719
754 767 232
643 144 772
126 757 17
709 850 897
401 867 911
402 637 741
42 645 520
246 792 32
91 323 478
110 459 388
568 334 839
40 186 130
441 570 346
490 406 870
242 27 872
54 828 280
218 376 281
606 506 252
672 24 529
388 359 731
272 24 712
332 283 867
466 494 886
22 452 364
245 242 300
239 858 131
832 568 31
148 527 173
505 826 678
710 578 834
460 831 97
16 179 482
163 298 812
551 176 801
4 139 68
670 486 83
319 617 21
573 795 438
43 764 2
355 670 698
53 407 219
868 247 910
577 740 20
772 78 279
781 865 518
301 787 784
597 787 708
502 849 258
240 79 313
605 707 598
274 538 87
182 837 613
813 874 100
284 151 246
573 526 305
314 580 101
369 62 361
692 348 322
353 294 588
631 729 598
516 729 223
456 608 576
842 52 124
168 332 889
502 321 223
78 520 703
523 259 156
267 311 900
289 301 517
249 109 808
524 373 254
13 569 408
754 394 877
687 306 76
110 239 285
736 188 855
531 831 765
525 72 555
573 269 572
650 720 764
364 642 163
866 391 189
680 66 61
844 256 781
822 182 864
451 328 669
479 704 254
13 122 933
513 780 862
97 327 388
135 836 755
818 384 127
795 113 866
407 163 956
228 428 328
176 82 576
168 370 733
185 197 854
725 239 486
6 727 529
326 502 434
304 571 796
842 745 943
154 190 877
95 32 377
270 172 319
248 661 11
343 450 928
421 861 373
19 509 200
518 35 257
6 653 206
701 87 501
833 589 373
277 574 863
4 858 403
164 280 189
778 773 927
40 36 343
673 618 556
551 193 151
389 89 231
470 624 440
374 464 854
695 714 973
587 263 954
154 394 871
721 90 942
96 560 883
301 649 789
762 470 600
529 326 793
688 846 564
233 865 969
516 427 120
621 574 139
415 785 207
792 245 394
629 131 533
695 641 747
691 48 519
289 871 590
340 746 254
605 790 985
675 275 633
654 367 696
800 282 218
492 344 434
99 762 624
399 733 159
478 521 627
236 458 789
424 641 111
22 213 450
429 478 755
249 603 125
428 6 609
318 394 17
237 729 24
562 382 882
273 508 600
126 433 993
82 781 871
121 779 85
817 414 173
862 313 733
5 776 176
48 2 709
277 3 650
437 324 968
285 34 429
109 236 138
755 407 793
589 845 300
26 51 132
95 289 902
173 832 797
307 758 88
31 383 370
840 553 746
833 114 997
743 796 614
53 156 487
125 59 856
864 637 781
607 289 84
350 873 900
72 577 820
729 785 491
502 801 533
852 338 828
272 378 794
678 714 582
501 19 477
75 818 918
282 782 776
23 495 700
353 838 888
441 396 492
511 414 125
570 363 612
124 686 490
829 34 218
277 206 96
702 488 902
631 294 100
703 345 120
681 810 375
663 855 186
828 208 522
407 751 990
860 637 454
202 33 315
158 204 431
343 309 192
397 737 430
771 104 754
798 386 663
809 571 289
473 570 819
7 833 204
132 122 444
84 523 518
700 699 475
606 724 97
577 323 327
484 391 119
90 231 950
727 148 517
831 312 257
388 441 243
202 280 714
181 807 766
393 569 699
581 240 245
9 236 305
183 291 365
834 539 287
684 691 137
635 854 928
820 455 590
758 93 876
91 256 588
242 205 677
788 842 579
217 226 997
154 432 909
206 274 28
752 810 524
746 677 134
423 166 567
293 233 676
201 756 854
787 724 714
215 701 334
559 322 311
702 64 302
612 357 601
860 730 80
380 451 125
146 756 559
737 767 558
757 843 681
870 595 792
363 54 561
59 308 633
849 367 417
227 705 303
113 427 115
136 647 604
425 112 250
796 750 519
474 191 818
605 166 854
154 601 260
332 266 746
389 382 602
656 46 942
715 364 99
219 859 799
494 423 161
547 669 650
342 853 408
843 207 200
857 176 943
129 786 314
223 304 212
688 40 520
429 820 724
287 75 226
355 13 589
321 646 776
94 750 864
180 63 756
481 772 29
405 620 316
412 1 259
870 300 530
55 578 87
683 716 403
848 623 840
23 759 780
512 218 784
3 375 378
764 251 818
504 277 116
857 475 537
369 622 561
134 504 157
36 140 596
642 190 463
231 654 121
219 435 731
527 712 700
319 625 957
172 811 258
577 241 424
231 311 804
453 226 463
835 529 116
252 430 259
493 572 635
554 497 710
696 470 747
682 161 329
393 857 804
167 528 439
484 727 880
159 595 599
708 445 671
263 49 429
162 668 809
490 692 988
832 476 760
788 305 498
682 93 671
737 811 787
452 305 780
335 123 469
47 854 741
742 65 52
477 128 893
690 490 601
507 744 527
456 599 288
360 179 722
599 743 349
335 128 614
744 828 84
803 753 755
355 599 294
502 431 574
18 292 913
188 382 455
409 245 763
754 151 6
150 648 548
708 871 558
825 731 196
113 161 56
684 411 77
524 93 400
459 13 781
111 424 783
470 131 823
281 821 17
798 524 710
295 382 162
279 339 906
429 676 912
105 258 749
26 342 653
637 367 463
680 562 575
23 821 329
752 103 549
775 222 687
610 764 149
534 103 270
492 401 507
801 63 662
260 773 460
296 346 657
760 519 320
470 362 669
279 253 888
348 415 12
222 541 731
828 236 741
332 168 824
362 81 706
332 7 264
272 557 413
523 102 830
299 510 561
413 576 192
199 272 48
550 528 872
861 209 576
122 194 317
168 287 301
219 441 752
770 568 931
739 768 212
748 126 203
577 85 381
113 79 483
572 292 569
708 366 911
587 227 637
493 375 174
112 47 874
329 826 157
30 185 886
213 304 829
721 699 742
489 196 646
356 710 381
75 689 4
14 760 209
215 431 197
415 467 638
264 739 252
787 591 616
124 354 49
204 57 365
197 128 156
273 670 857
682 31 277
788 96 829
749 810 737
462 385 716
549 529 877
66 152 504
277 512 276
171 145 240
11 156 161
863 527 717
501 641 656
493 255 92
31 778 297
794 371 673
779 193 965
643 367 499
148 841 493
262 31 665
821 504 946
81 96 633
345 632 338
681 107 339
308 664 520
364 107 861
361 785 579
124 792 921
370 672 648
610 816 657
522 872 828
185 716 500
518 134 936
128 372 867
294 533 587
31 693 144
271 777 205
714 761 275
706 254 155
742 301 596
242 326 560
415 399 423
345 406 87
94 390 317
531 159 779
721 552 896
415 224 392
772 756 460
351 368 914
167 25 901
4 179 667
714 271 403
28 269 930
645 821 536
724 697 268
390 861 994
131 269 792
478 175 244
757 310 235
860 836 181
122 86 207
617 181 619
571 149 958
541 172 369
651 89 7
562 659 963
36 823 50
526 656 278
506 633 907
29 803 712
638 578 629
247 59 701
95 704 976
860 728 833
507 416 98
706 490 908
227 512 617
587 536 807
604 723 445
690 590 135
241 94 219
710 242 930
300 600 880
482 855 766
370 203 898
336 154 245
829 482 270
872 263 561
219 732 856
99 157 369
209 193 648
755 432 61
307 651 329
739 146 373
197 744 560
130 101 192
156 745 389
193 729 297
507 145 828
164 76 910
732 634 709
775 780 599
565 818 280
481 127 708
12 563 480
23 95 656
15 611 885
479 386 597
674 58 677
124 3 228
384 787 744
467 658 503
339 422 735
399 115 372
410 39 888
819 96 724
705 199 763
86 374 526
426 199 650
21 98 137
809 4 635
642 375 867
861 227 828
1 584 871
770 724 997
846 517 533
518 538 158
293 448 80
786 597 23
396 244 222
736 228 125
46 227 938
118 874 102
6 256 839
651 235 672
275 311 707
743 268 157
226 410 887
791 801 368
778 229 539
757 295 775
305 342 579
104 117 665
25 577 88
284 731 750
371 313 322
682 373 238
312 760 646
649 660 782
331 225 941
748 285 187
802 531 924
557 586 337
743 168 62
551 797 130
579 705 567
142 293 859
111 434 802
32 136 486
833 255 148
130 618 395
177 274 926
862 388 664
453 223 754
280 782 173
101 60 445
874 1 714
207 831 737
667 432 535
805 228 564
797 504 756
428 23 442
623 816 906
453 289 448
145 727 423
510 857 757
548 530 830
814 304 894
319 39 183
136 172 857
134 615 603
188 200 566
360 76 352
122 102 233
219 412 249
213 136 380
406 458 301
818 131 480
318 723 755
13 436 492
422 654 519
785 340 5
524 439 941
372 521 537
693 677 264
599 380 824
20 799 364
824 62 953
298 835 189
574 85 570
332 545 253
368 666 199
412 100 364
98 309 259
813 636 407
517 406 8
214 93 42
661 133 403
469 17 284
736 836 508
49 463 54
743 122 154
29 287 485
523 814 407
710 501 755
443 710 954
329 758 70
536 54 229
555 331 982
57 507 233
794 729 586
349 865 385
786 397 223
616 62 154
273 60 163
377 801 88
175 855 187
669 795 757
237 698 656
79 642 235
840 355 386
572 750 141
402 191 826
872 184 719
652 789 513
534 720 765
839 5 428
522 373 592
381 101 160
800 738 102
702 180 896
368 520 411
628 9 817
815 377 75
419 513 657
266 660 845
432 755 457
681 594 415
491 441 516
71 782 224
210 500 352
581 398 989
357 297 833
432 650 226
648 842 534
91 362 612
127 615 776
109 340 936
605 739 594
154 672 917
578 761 625
295 680 490
196 104 942
288 630 145
455 259 386
834 426 456
624 3 161
700 73 36
350 786 58
297 428 564
324 275 873
708 192 120
721 203 662
73 347 651
369 331 574
851 692 75
801 757 427
77 335 386
215 263 588
169 394 370
336 716 363
481 532 650
396 611 765
412 322 887
749 848 390
169 722 557
450 205 217
100 30 960
304 600 913
20 812 897
663 198 940
25 802 899
440 426 15
415 748 819
110 329 40
123 73 143
102 428 235
752 88 974
778 735 409
269 544 758
515 376 759
293 97 732
796 857 308
174 713 471
303 284 460
302 311 63
615 815 207
667 636 1
2 704 193
183 71 51
650 756 176
398 362 562
116 356 694
413 122 564
839 244 315
421 535 583
41 182 432
494 688 826
208 540 154
614 304 537
25 42 207
142 202 855
291 659 322
733 252 776
530 833 502
166 791 424
9 295 968
743 794 518
762 870 682
44 400 856
196 102 816
616 119 62
157 771 45
491 163 990
604 332 708
680 72 640
788 175 559
363 186 702
591 190 873
381 749 43
188 79 410
435 360 885
479 542 897
122 271 593
529 481 716
476 323 333
850 373 643
333 677 887
311 497 734
791 260 980
722 584 493
339 346 117
184 601 178
312 91 283
718 349 218
791 633 479
449 602 115
545 825 654
94 236 271
533 64 273
654 568 880
242 626 269
756 465 628
167 95 148
582 874 140
216 555 144
206 870 973
264 529 107
551 58 692
655 416 435
33 104 52
457 461 466
50 621 916
786 209 684
253 774 777
186 402 393
185 322 305
810 346 326
762 542 179
639 598 661
445 85 60
29 777 842
566 667 400
828 830 421
874 183 939
787 287 991
820 114 114
750 620 307
159 148 597
475 347 25
828 40 60
625 773 848
508 575 801
836 613 593
197 151 199
471 132 970
539 763 769
569 402 439
96 219 140
600 274 240
347 255 739
541 774 684
782 387 987
307 676 531
100 662 740
327 272 741
564 638 502
852 27 600
561 242 333
846 869 362
324 812 282
482 236 549
15 850 639
344 674 89
315 527 330
406 519 362
423 861 258
285 113 816
225 103 969
273 365 652
756 288 915
608 432 432
676 117 190
784 17 745
553 437 30
717 746 847
632 82 273
651 175 962
735 788 37
305 463 192
85 188 540
15 733 720
470 618 988
299 604 137
794 365 195
153 90 541
241 783 515
349 670 401
408 509 330
549 347 422
324 795 795
185 743 433
222 39 579
95 733 14
305 762 111
349 451 959
507 413 142
270 716 349
476 864 159
615 173 469
104 488 840
683 570 47
249 105 685
138 259 497
407 220 999
550 823 329
407 396 217
52 337 565
490 225 633
238 25 956
427 425 726
856 756 109
415 86 280
327 692 313
238 560 149
619 430 575
59 232 832
219 40 353
308 669 992
396 260 824
472 845 721
870 241 897
383 512 54
28 656 770
6 362 895
382 199 451
771 424 166
460 663 359
618 832 290
705 664 732
350 50 570
12 665 956
540 43 361
203 543 131
259 223 134
521 851 53
82 620 641
588 250 959
119 64 4
422 748 10
99 280 524
104 335 972
550 391 956
643 676 515
472 52 355
289 206 77
66 612 678
177 660 549
237 786 654
393 11 935
679 793 733
65 147 710
225 81 774
153 336 4
116 515 587
600 23 500
823 60 12
801 261 428
651 423 526
541 289 57
388 320 600
188 87 536
591 667 740
120 279 259
64 813 133
326 789 398
266 428 625
133 631 448
396 259 680
342 256 676
578 112 328
241 165 756
382 404 69
809 139 985
613 596 187
238 583 860
724 444 547
382 475 984
389 722 117
728 265 883
801 368 862
519 235 590
827 26 848
308 482 793
605 478 876
831 326 19
39 739 818
653 98 735
270 757 779
377 45 390
679 256 957
851 852 587
373 250 337
146 320 401
384 345 794
447 618 643
481 641 541
412 73 665
55 770 409
438 748 475
789 322 615
657 827 142
590 168 726
418 731 566
404 184 263
230 296 219
404 770 115
130 36 81
692 868 568
850 219 634
188 517 352
801 302 114
325 323 762
258 71 283
93 630 754
11 289 692
594 858 645
406 167 846
279 129 50
418 800 413
428 525 676
111 732 359
102 791 585
247 767 248
353 821 490
483 656 92
393 555 452
42 602 691
294 184 871
231 299 968
335 709 417
134 812 68
1 185 238
649 355 155
796 193 581
538 751 6
379 729 901
103 484 247
270 440 383
387 731 52
800 22 905
632 713 163
601 446 702
635 362 792
660 101 887
120 833 817
393 218 722
494 169 958
524 36 360
360 460 429
742 72 409
41 110 967
414 107 977
114 189 354
13 561 786
736 128 770
600 151 37
207 638 976
864 563 578
700 500 568
357 586 250
454 753 257
571 267 99
797 478 759
707 199 907
591 803 745
326 807 948
773 426 551
349 1 603
109 778 825
556 426 988
835 125 651
761 16 243
647 397 521
318 171 716
728 371 655
824 27 906
22 7 313
213 299 592
637 865 351
793 344 973
251 762 668
315 224 372
212 32 393
149 220 27
101 851 581
427 121 642
823 312 512
162 68 183
312 833 716
63 677 764
33 405 249
155 715 872
67 187 510
193 92 248
504 494 513
677 745 225
123 640 162
371 338 426
569 803 447
194 705 375
366 467 919
338 410 893
227 779 341
677 873 830
735 857 101
699 835 463
758 484 624
784 562 144
167 714 38
747 195 76
540 586 635
154 271 320
832 218 775
350 829 315
79 319 837
463 343 248
163 374 768
313 408 898
243 80 310
656 507 859
860 142 518
642 398 787
196 674 751
394 549 867
691 852 579
242 270 563
714 137 532
792 408 175
263 675 274
355 488 328
269 585 658
825 182 325
152 78 421
11 292 975
429 760 935
70 840 713
479 328 520
855 647 148
464 656 983
655 132 341
864 563 96
61 859 919
508 349 345
813 261 814
815 632 18
677 819 322
826 718 122
847 61 739
128 654 72
280 806 34
504 675 188
549 442 121
377 56 758
818 87 800
360 130 42
391 174 95
345 10 577
257 68 142
505 522 159
464 710 567
346 642 738
92 489 476
235 563 559
640 524 227
457 634 86
730 92 876
577 694 333
420 39 306
13 614 861
77 689 588
173 352 877
201 702 970
72 331 977
653 180 706
614 302 5
543 234 646
504 310 529
71 608 686
483 442 421
321 553 429
523 52 869
461 652 852
616 613 727
626 847 100
554 607 241
12 606 550
763 692 287
445 767 21
404 596 446
204 13 751
804 856 413
79 473 320
844 67 809
691 77 229
88 673 888
282 420 263
515 294 788
536 717 879
636 678 888
246 371 654
52 340 887
430 159 295
836 113 182
158 287 197
26 497 536
659 389 912
542 1 404
726 105 932
703 530 435
263 363 458
691 558 99
796 408 253
583 796 764
831 739 980
497 509 88
93 692 89
790 31 430
459 344 49
537 376 1
607 66 86
674 489 227
618 575 937
763 186 783
731 93 679
419 549 553
266 340 717
540 520 306
503 126 252
505 508 449
861 681 953
760 157 295
468 634 215
125 242 298
671 336 759
138 53 895
104 362 116
855 787 730
169 445 947
844 581 857
538 648 755
347 691 173
33 107 86
508 852 185
363 48 244
426 829 633
389 77 740
771 77 879
265 120 378
234 739 33
748 178 316
367 173 376
426 858 303
367 820 7
171 766 987
647 98 412
846 105 58
207 645 600
873 22 581
229 530 658
698 721 270
281 106 741
574 351 881
83 136 124
451 750 89
261 720 595
527 385 88
654 311 148
37 583 714
9 721 381
805 826 888
548 423 277
842 605 532
20 106 718
29 361 799
786 848 755
557 814 440
284 285 228
725 265 699
48 73 340
242 386 832
276 638 235
482 532 545
662 326 691
728 627 395
88 343 994
143 256 840
795 476 700
395 840 779
373 744 647
478 838 211
4 693 165
621 176 823
352 44 898
91 540 914
336 93 285
827 181 901
239 260 740
777 642 221
296 260 535
249 600 360
732 106 588
72 487 225
348 38 901
353 683 860
396 473 908
840 818 126
603 544 190
222 410 874
839 844 724
23 545 281
416 383 511
298 264 461
194 509 764
188 609 496
698 660 488
22 309 583
584 537 22
808 425 781
700 808 770
487 498 326
337 434 617
313 589 206
148 299 851
834 656 438
65 845 978
114 783 245
485 568 386
296 795 891
186 234 317
495 298 3
715 340 69
303 238 825
615 120 220
129 748 731
418 577 154
101 360 181
843 772 73
430 461 834
508 91 405
524 160 810
498 378 7
60 462 602
777 470 228
329 686 441
88 210 237
207 513 617
549 11 675
168 145 879
141 807 977
319 587 612
254 479 928
221 357 970
432 541 277
111 672 722
170 240 72
371 402 489
748 381 274
134 596 751
826 707 983
218 316 301
756 510 187
546 448 980
440 247 178
442 820 786
720 9 522
851 458 293
112 219 355
834 200 970
665 115 809
232 544 569
74 149 155
583 1 335
483 588 789
479 774 653
385 151 190
255 77 68
5 1 88
563 721 964
708 678 819
872 444 309
374 477 483
423 716 860
527 517 407
714 173 684
594 430 43
92 629 312
578 251 411
800 234 626
694 73 840
420 221 519
11 707 77
360 487 454
478 684 862
282 290 761
390 178 143
706 805 238
659 142 28
814 60 477
705 127 214
54 799 117
660 193 316
650 462 536
832 496 938
52 243 497
717 52 372
241 844 786
765 736 336
419 248 832
375 299 801
607 335 427
770 259 460
144 190 299
731 17 402
331 425 636
346 55 49
150 643 245
604 378 286
432 241 726
125 150 429
349 287 995
543 521 595
189 77 350
759 163 923
24 89 406
551 171 777
500 148 718
181 699 413
544 190 129
302 471 799
286 387 9
807 337 347
552 360 912
840 226 797
569 500 992
508 768 238
333 855 27
684 620 92
223 272 764
483 679 403
157 543 50
7 106 616
720 739 761
481 380 978
761 547 26
431 542 328
282 822 201
362 349 170
112 623 833
868 507 534
474 188 607
718 83 664
657 38 337
733 259 299
291 773 860
283 119 913
767 407 728
69 511 902
832 396 261
773 456 295
361 819 212
825 513 524
106 448 49
835 629 369
641 116 87
261 846 312
342 462 852
92 530 56
397 722 262
689 185 558
642 743 67
397 510 34
836 363 871
496 513 781
240 276 330
146 800 327
345 6 626
307 427 49
329 790 962
811 22 453
833 427 893
617 386 334
188 494 948
4 810 757
85 108 583
187 470 635
139 696 599
275 804 549
549 712 742
236 870 301
506 515 777
163 469 545
593 355 526
427 132 731
440 275 470
873 702 630
179 368 801
159 556 561
173 228 389
148 581 480
522 572 30
862 136 568
231 474 421
7 289 208
323 478 332
11 533 956
772 169 809
620 649 663
315 87 395
554 336 353
515 454 202
607 544 222
558 483 856
146 758 492
252 670 819
389 560 502
300 655 982
264 558 862
473 222 70
548 370 539
813 413 791
601 633 948
110 639 718
621 304 11
68 857 848
385 137 107
539 127 54
351 206 99
598 105 178
325 354 147
743 458 167
787 822 274
486 258 812
178 361 356
857 798 117
844 291 948
174 46 982
602 251 791
764 655 997
261 279 225
182 567 429
98 172 489
149 334 12
606 273 203
565 423 949
154 299 468
661 165 398
621 440 571
616 817 792
41 325 160
590 601 342
156 146 583
825 314 873
154 645 925
694 638 919
792 1 846
91 135 839
114 764 67
55 339 493
747 617 584
796 195 290
600 668 954
579 128 984
500 550 894
27 303 243
371 722 511
191 402 578
717 806 298
457 865 6
241 174 561
756 277 594
449 345 716
760 10 87
872 489 393
828 222 7
637 234 769
424 48 907
146 301 834
866 261 687
800 125 731
522 118 43
455 758 8
722 280 636
62 545 514
418 50 983
393 598 263
371 801 423
220 470 290
176 720 277
224 254 962
275 241 129
473 647 155
677 175 849
217 661 550
605 791 949
383 678 482
450 451 473
299 332 921
709 492 311
2 439 868
111 155 491
841 706 717
100 254 834
579 581 593
440 649 433
308 612 449
824 541 656
867 599 592
26 222 749
247 605 89
76 271 159
359 693 430
554 9 105
292 203 336
493 372 591
530 675 246
22 97 193
695 713 388
452 552 600
793 67 84
453 423 436
53 745 271
679 266 929
794 609 104
375 652 153
247 294 378
280 393 886
11 490 72
702 853 311
652 260 58
333 829 179
402 676 656
132 36 504
42 577 453
255 408 163
653 455 625
722 764 540
776 660 449
22 272 967
442 464 726
692 36 461
772 677 495
280 367 544
163 506 335
264 351 146
449 674 642
848 307 855
652 809 717
29 170 628
597 535 264
80 317 282
687 449 758
400 385 52
196 378 476
389 522 946
314 627 341
206 862 285
446 416 812
681 301 777
11 182 339
399 595 887
252 807 144
535 303 564
686 604 929
840 502 205
406 68 400
322 35 535
705 590 621
701 258 661
511 393 899
32 194 262
33 855 477
263 81 859
336 623 514
99 148 582
507 410 555
599 291 746
14 461 635
373 369 655
291 620 525
258 255 56
424 509 915
752 649 596
616 671 288
731 800 868
697 369 688
203 128 983
502 664 529
396 820 448
422 375 402
824 670 492
707 67 743
383 451 280
845 326 252
826 100 346
460 386 247
112 212 938
687 234 243
547 575 345
83 744 901
28 651 396
789 571 875
534 806 620
153 274 380
643 297 454
107 826 6
359 687 291
335 796 823
785 863 582
660 205 71
69 57 659
362 310 114
514 471 995
659 322 720
206 234 999
378 827 345
848 362 685
871 868 107
170 748 676
478 427 213
156 358 882
771 25 124
279 496 654
97 440 101
414 18 442
480 693 256
845 36 664
591 437 575
350 377 989
452 52 124
169 376 720
263 671 713
151 493 768
310 398 401
236 216 193
749 608 187
83 260 325
602 160 925
537 641 963
93 809 732
308 264 699
622 687 370
443 826 986
247 237 576
128 502 582
593 404 825
25 172 448
755 135 246
113 31 642
743 314 958
822 444 822
12 59 614
591 346 850
782 10 932
88 476 650
369 596 547
785 224 767
767 209 105
302 274 753
578 152 301
783 718 296
694 686 282
147 487 994
623 454 855
618 846 918
721 712 968
800 484 148
662 204 883
435 413 598
371 739 538
