869
643 353
501 84
53 334
333 9
709 288
21 59
32 224
3 120
493 635
37 56
169 139
614 533
253 94
263 177
184 699
205 696
397 312
256 639
39 295
144 63
33 424
240 368
142 190
107 606
128 155
643 753
862 483
10 598
69 556
69 122
528 526
34 26
486 85
11 380
52 116
30 65
672 867
172 151
85 472
96 162
101 63
421 339
641 263
692 317
137 604
43 74
827 799
83 19
690 593
86 291
378 859
656 252
229 363
259 371
410 650
106 1
216 250
609 110
471 351
64 42
8 3
70 59
87 285
137 529
843 220
69 332
151 113
38 5
281 605
698 821
834 671
124 67
103 27
864 156
252 63
830 449
198 118
622 92
392 36
204 844
18 12
531 86
681 816
620 476
765 163
126 406
25 6
301 203
695 700
176 112
396 557
828 806
291 331
232 644
791 727
267 330
143 125
361 3
634 609
423 856
441 268
125 199
564 133
170 67
529 737
95 792
283 493
498 811
90 13
139 808
188 322
131 523
241 142
369 83
784 48
704 505
851 52
221 401
141 558
166 54
52 28
375 334
47 77
413 801
22 67
193 36
581 190
638 751
747 778
561 430
293 127
57 94
287 208
312 254
88 208
8 274
336 106
846 444
283 140
258 71
76 178
478 249
77 200
306 271
260 474
166 422
188 562
777 758
58 157
325 23
292 760
642 373
197 65
472 747
145 88
408 49
21 11
599 102
530 317
202 73
396 337
661 444
116 545
364 44
120 220
412 806
236 133
603 180
672 51
823 157
507 671
59 746
517 113
596 654
407 309
498 410
563 375
518 201
238 677
395 399
181 367
250 414
12 141
182 49
392 774
503 62
813 260
773 342
576 756
162 355
247 785
761 170
113 90
416 437
60 390
534 241
104 77
87 400
135 13
111 115
29 98
237 251
490 845
713 684
276 91
233 525
5 1
6 356
228 79
304 177
488 113
500 455
207 307
266 279
593 445
117 181
4 2
137 260
715 717
390 567
527 151
9 354
194 164
76 693
99 373
343 628
316 684
230 237
766 847
184 120
43 69
682 507
415 120
374 738
232 218
49 215
70 286
658 362
205 91
178 553
144 318
143 159
820 657
31 468
721 807
207 670
389 159
514 13
98 515
173 37
12 26
160 64
868 666
485 539
58 146
430 718
46 112
134 38
35 13
108 12
817 787
433 174
41 133
5 627
141 769
305 607
36 54
215 795
345 180
103 402
283 594
569 610
436 218
520 293
576 73
27 403
288 314
836 500
581 771
804 812
271 721
724 247
38 329
271 299
841 499
410 126
376 608
457 47
125 15
359 386
428 257
850 492
352 398
383 343
372 541
183 443
30 506
409 456
275 258
277 68
258 664
790 146
853 66
731 115
477 405
280 434
378 229
512 674
240 849
780 371
341 241
144 451
534 686
187 288
2 9
97 73
384 239
109 352
303 470
327 164
460 214
246 733
100 164
748 38
245 119
211 490
553 782
33 5
29 9
736 319
192 91
29 308
458 623
645 54
402 579
64 857
446 39
469 492
55 256
135 255
667 527
128 626
584 121
269 20
326 232
336 640
147 98
175 161
108 207
461 363
69 219
683 107
280 749
79 569
89 13
822 313
158 449
419 371
611 372
163 77
41 302
89 585
63 613
507 151
453 46
16 7
59 80
36 837
629 222
270 128
111 234
19 39
673 818
832 332
365 114
735 495
179 78
55 17
838 32
382 653
16 47
2 1
366 189
489 481
23 121
102 105
114 831
544 254
11 41
259 42
19 71
427 45
725 701
525 752
410 688
388 799
117 651
442 532
239 261
135 592
204 35
121 156
212 127
484 142
239 143
320 673
586 110
32 20
387 100
209 33
494 257
30 76
1 675
516 323
310 745
655 193
555 90
596 5
663 387
1 267
430 40
208 227
37 776
781 495
290 114
114 313
7 5
649 145
198 616
133 223
499 3
615 393
51 431
391 363
203 452
254 241
14 4
709 719
177 445
793 286
179 483
119 597
153 171
614 676
354 710
93 29
343 244
40 14
481 259
46 37
208 788
29 533
458 300
247 21
421 509
99 38
417 81
63 578
438 73
338 49
727 267
185 14
560 11
3 2
479 172
770 689
137 33
687 336
10 7
157 698
363 487
96 12
435 306
420 362
559 755
129 618
51 34
825 340
348 455
222 381
34 321
385 356
680 666
337 1
30 583
264 259
369 662
476 267
444 46
648 81
570 278
69 102
480 199
186 185
87 475
779 625
802 734
111 351
342 109
172 762
295 357
521 571
24 17
423 691
625 356
669 337
324 167
271 117
470 511
404 297
249 148
725 804
612 468
198 292
117 32
450 5
49 73
337 865
485 96
79 62
543 63
23 4
2 310
265 34
22 63
70 174
58 19
842 32
78 64
624 285
272 36
112 797
37 177
441 646
632 196
35 316
439 332
306 619
758 551
708 162
83 855
348 311
59 85
803 455
356 466
303 151
210 61
275 829
75 203
701 510
448 166
754 637
685 335
43 2
61 39
168 467
659 323
714 110
225 95
453 633
723 434
524 204
23 412
92 161
393 383
814 795
473 109
775 685
786 168
285 602
793 863
222 577
763 215
154 126
52 86
68 42
833 202
333 429
119 115
764 3
405 193
689 347
763 768
211 505
36 681
188 174
96 111
155 582
229 202
100 246
537 64
564 617
9 217
17 82
332 638
114 24
743 6
273 177
10 48
15 416
637 469
268 105
381 382
389 742
295 589
129 2
278 269
43 50
28 5
819 623
185 353
342 839
100 29
440 355
31 30
491 366
44 238
189 315
580 83
101 142
171 201
187 76
643 666
447 68
678 280
176 358
94 130
358 535
221 230
767 240
104 426
258 665
504 158
317 25
411 105
37 8
414 548
519 367
24 44
52 244
482 3
180 697
19 10
16 575
282 542
430 469
359 726
15 75
741 60
196 106
94 127
750 77
554 68
739 732
211 23
766 89
705 71
374 125
157 496
305 106
153 60
61 362
344 141
2 107
311 119
570 809
168 4
36 57
123 77
56 425
281 728
92 75
180 53
152 92
297 149
459 15
78 796
320 65
461 559
213 860
359 222
835 535
248 236
657 302
222 43
502 204
391 464
600 507
79 349
45 21
2 17
565 174
45 49
413 77
18 158
272 377
7 395
128 36
152 289
139 45
47 379
252 370
357 372
98 183
840 621
744 743
133 508
283 588
51 282
15 9
722 810
226 63
702 368
703 583
294 205
185 772
109 41
572 531
123 800
183 300
376 277
137 280
350 16
442 434
340 787
118 81
13 165
20 6
282 339
66 12
430 536
83 218
176 848
427 757
465 382
92 131
869 169
598 740
722 798
360 69
35 394
138 34
692 805
421 660
554 647
326 712
591 245
140 81
93 340
62 4
854 440
37 221
218 296
249 729
447 716
45 852
45 95
269 462
552 46
574 406
350 497
370 540
2 6
216 89
243 8
126 148
207 601
71 281
325 668
81 46
111 298
123 240
730 682
107 284
94 150
369 759
253 319
694 132
373 826
233 102
33 512
62 631
