1000 9894
638 865
949 250
163 557
310 908
869 435
228 13
102 546
470 70
976 266
902 851
655 185
177 842
787 497
860 713
708 533
639 771
126 978
161 318
240 337
539 513
322 363
895 634
201 586
18 112
112 334
260 181
891 899
930 733
810 359
773 881
317 149
744 767
394 910
87 783
135 745
796 805
672 507
691 9
583 239
343 778
457 387
404 766
131 94
369 767
608 713
176 629
31 953
857 674
841 357
608 616
116 311
549 141
130 13
224 208
978 329
207 9
652 138
496 475
146 357
960 334
783 876
733 465
880 939
590 586
671 783
949 745
552 413
111 722
132 949
519 715
979 958
874 40
436 579
711 481
812 230
150 389
536 202
245 521
543 86
86 519
858 548
717 351
112 882
1000 402
978 141
651 49
279 848
764 926
250 992
628 299
279 961
233 851
4 572
377 888
874 330
394 268
109 337
552 872
609 905
60 891
985 325
647 363
261 60
137 486
51 616
143 56
881 265
934 285
885 925
389 152
143 415
29 161
414 613
75 303
440 160
438 179
377 715
697 504
367 700
557 796
730 368
877 255
481 726
557 941
874 775
210 50
325 973
252 611
130 685
494 672
391 11
728 192
411 188
342 596
972 507
442 602
549 79
48 254
790 363
903 712
652 328
230 676
914 463
899 417
918 399
741 824
740 845
779 599
407 654
818 51
639 89
849 655
850 352
488 545
196 370
303 175
962 985
279 545
362 937
225 375
922 279
636 809
543 165
638 253
729 775
1 6
112 783
167 657
557 9
267 199
470 962
971 875
717 323
250 688
149 247
377 265
51 825
603 356
668 696
337 904
580 92
393 910
836 486
125 873
935 498
77 966
115 303
925 184
546 79
18 500
660 59
593 104
475 14
964 954
730 899
648 914
242 233
406 998
805 506
483 17
804 797
734 602
792 401
302 550
506 453
839 261
613 680
229 735
624 767
17 487
532 578
75 41
9 651
782 14
695 936
170 670
544 143
763 373
383 76
630 199
443 811
135 561
819 436
770 880
865 310
481 77
557 213
912 129
767 443
558 130
995 548
317 528
997 30
250 501
948 886
699 312
511 462
277 130
560 610
158 671
128 30
681 742
352 60
315 416
318 961
689 211
410 404
893 851
59 412
127 655
76 659
58 386
172 126
727 492
893 964
395 923
55 467
121 723
915 591
774 94
401 624
881 614
220 688
863 474
980 874
686 634
659 451
517 929
673 809
873 859
525 834
394 452
968 929
885 852
773 344
422 446
108 906
587 562
548 820
78 607
562 876
890 609
542 302
325 722
813 668
215 578
980 668
450 223
38 249
847 893
42 244
795 990
136 113
707 597
195 558
372 742
472 169
276 693
541 383
155 428
504 762
998 958
527 188
51 239
382 767
610 834
304 817
640 975
308 629
135 644
139 705
303 946
72 700
291 922
663 146
560 378
598 461
981 315
486 875
410 290
168 254
98 355
174 52
601 328
875 89
417 705
422 756
168 141
810 708
903 417
61 478
559 323
905 808
447 997
230 511
468 448
993 19
718 416
455 842
387 570
135 840
541 965
582 243
859 538
822 642
434 579
309 629
438 155
665 197
166 906
922 220
634 738
899 313
949 517
282 496
202 630
646 751
520 687
561 5
305 327
513 186
590 609
756 416
334 250
10 148
138 417
551 567
254 909
749 744
594 470
441 660
870 363
195 33
803 318
788 74
347 234
702 560
208 180
428 425
547 805
473 304
354 629
446 93
285 193
588 286
647 539
38 827
76 202
423 887
872 121
553 962
769 525
630 518
5 83
622 701
821 209
296 452
833 227
602 416
21 155
473 236
686 1000
520 499
299 600
397 459
274 278
97 921
23 369
207 468
522 560
706 309
908 985
213 867
530 103
161 904
563 430
990 101
672 508
636 549
269 98
779 989
796 853
410 8
429 860
1000 808
892 782
518 737
28 638
231 33
112 439
274 415
260 665
11 789
801 939
696 651
754 973
439 165
553 751
894 221
966 702
55 117
976 698
187 165
135 61
690 308
983 921
139 999
242 687
388 751
896 266
167 893
120 238
16 617
756 299
439 617
260 6
594 333
261 170
411 597
232 22
878 237
91 205
366 449
242 115
886 648
522 434
583 616
910 680
105 586
489 939
83 811
85 249
912 843
53 347
695 796
899 599
23 766
977 543
961 434
526 794
583 799
51 182
826 844
92 969
238 571
387 41
154 292
925 569
568 362
752 199
700 383
522 139
847 760
504 784
411 300
398 984
969 330
435 418
631 572
24 887
264 621
230 677
212 176
515 963
758 207
447 940
583 496
697 604
749 520
127 948
310 380
629 82
461 704
9 497
600 328
837 101
140 923
220 105
793 967
277 222
940 882
614 281
471 386
836 803
675 487
15 846
291 494
440 948
741 618
427 734
124 636
710 671
306 721
951 131
997 833
466 779
931 175
610 283
419 387
686 455
998 373
994 774
779 105
186 365
625 450
584 408
4 529
689 586
46 832
565 848
413 451
821 454
968 902
320 757
817 615
114 477
792 402
955 878
822 248
467 612
450 874
215 558
556 554
207 622
388 436
694 371
943 282
845 477
104 505
964 775
126 890
397 386
861 765
143 674
455 396
536 518
522 633
445 406
411 234
892 481
405 652
758 414
26 463
191 743
586 263
274 753
684 888
791 948
132 357
944 981
429 787
946 191
838 497
469 626
292 29
990 204
774 905
814 382
946 14
202 494
886 284
527 652
343 531
568 979
40 364
187 15
776 544
413 577
604 372
276 335
2 206
548 147
104 605
286 243
78 113
101 176
194 96
600 753
604 9
879 385
94 971
258 995
812 62
318 691
673 896
394 227
648 706
410 280
557 270
554 256
721 13
940 297
464 498
599 100
926 236
177 979
622 319
143 194
312 70
755 346
369 427
333 720
940 440
618 558
877 787
506 375
87 406
90 374
697 454
39 275
616 146
464 687
247 172
985 451
895 576
592 171
898 174
96 954
761 612
246 492
526 210
602 380
288 268
697 672
184 461
573 464
867 112
338 638
326 487
274 322
482 509
52 627
92 544
532 837
793 103
574 944
925 914
692 899
805 236
184 666
594 625
10 718
248 333
359 75
452 831
515 27
351 743
814 5
359 216
870 104
876 469
572 958
97 282
736 191
76 688
957 997
542 941
482 108
963 376
569 529
642 863
738 756
478 939
29 663
401 784
224 737
333 1
872 717
432 990
16 669
519 165
265 178
410 941
530 766
682 965
864 928
114 3
595 560
669 201
63 78
247 509
263 632
926 200
749 453
553 944
220 955
540 602
171 217
980 655
907 557
6 221
647 551
86 135
307 854
437 551
919 615
276 731
27 343
546 318
639 658
288 185
606 489
25 815
146 187
402 209
995 82
246 456
619 622
592 485
71 247
255 362
79 729
532 743
913 116
435 216
536 749
204 555
946 244
585 524
448 109
709 659
529 53
508 820
328 434
382 837
3 154
140 97
533 534
745 70
631 703
225 143
425 605
796 628
266 987
296 718
646 550
600 284
323 663
862 636
665 160
798 388
197 771
552 302
295 442
934 870
284 905
102 896
450 417
927 177
487 638
971 833
589 402
183 321
332 957
873 199
761 166
10 137
618 418
671 188
251 567
661 118
371 846
7 804
357 431
452 501
806 748
627 1
845 74
668 709
850 736
411 596
926 149
574 747
904 499
906 161
321 327
16 405
985 744
753 324
89 705
455 244
574 890
61 669
759 298
564 308
113 118
132 184
815 485
185 104
51 264
472 243
402 162
187 348
479 400
134 757
122 895
982 489
674 534
861 664
311 763
577 193
242 713
535 29
123 283
145 93
808 427
221 746
813 934
282 798
675 989
714 829
622 674
109 949
130 346
740 617
616 535
308 989
679 766
294 600
867 358
500 325
196 606
112 325
222 782
80 995
747 93
378 520
126 362
897 646
185 660
58 650
865 10
224 254
379 74
135 770
541 795
447 572
775 580
16 138
884 897
906 559
178 367
887 782
788 719
326 634
76 873
901 872
689 6
116 442
604 439
163 171
793 224
79 455
559 969
326 86
95 876
438 354
669 510
337 125
33 260
769 513
931 319
905 629
511 412
630 972
521 392
629 695
643 683
85 457
980 967
859 190
631 466
797 124
512 244
752 713
590 429
994 522
392 82
817 759
123 104
825 220
441 747
260 105
69 743
341 2
252 374
878 347
816 569
169 145
497 268
61 899
191 512
428 950
123 438
730 338
456 9
700 574
776 22
372 184
843 672
677 218
36 726
538 75
363 850
297 279
389 719
946 188
985 360
36 948
718 680
278 89
761 139
279 240
232 983
451 631
23 572
277 287
795 350
227 119
853 588
412 774
932 93
402 408
951 819
356 593
214 805
708 654
399 669
756 168
63 512
987 193
512 630
24 380
44 179
120 185
694 285
471 172
515 506
310 234
148 241
443 439
816 171
447 391
655 738
916 254
21 478
647 126
135 298
647 139
966 816
437 14
241 389
367 205
479 903
302 900
375 854
969 624
206 756
617 179
375 199
232 111
878 170
368 671
169 578
479 165
651 694
53 240
184 1
955 796
744 89
225 269
639 872
307 893
237 4
227 50
450 534
456 784
838 673
434 219
400 471
551 260
365 497
922 580
248 513
230 945
451 932
782 1000
740 594
892 629
490 725
820 636
39 854
444 230
409 637
936 86
425 727
528 256
949 915
16 52
951 262
461 251
738 177
97 63
335 237
970 780
384 423
295 691
336 928
318 784
980 357
139 143
236 949
20 762
239 502
538 123
262 331
120 102
414 819
823 110
521 772
667 514
85 845
233 90
570 315
456 247
257 506
901 561
8 800
704 525
311 295
195 146
95 522
254 947
954 973
348 428
775 169
409 592
716 845
578 608
461 348
299 1
265 177
157 99
967 598
882 170
699 992
683 423
150 824
594 304
266 301
755 313
413 489
815 595
998 751
177 847
161 322
754 67
497 490
697 166
27 441
539 26
284 428
809 767
386 600
901 151
302 604
412 484
711 256
594 592
259 363
297 60
578 87
706 384
209 728
91 214
980 994
312 671
574 155
170 709
140 429
463 9
146 35
773 356
437 873
390 813
597 971
502 257
875 281
570 577
269 96
805 62
848 735
524 666
121 115
728 5
286 765
843 468
553 935
357 520
294 331
512 865
865 237
956 156
26 73
136 905
12 36
325 443
75 652
576 407
261 835
23 932
707 687
597 527
746 843
935 903
395 147
979 835
873 324
466 146
825 553
474 697
332 107
623 219
29 713
980 607
995 317
486 288
98 687
647 49
427 914
565 600
511 487
69 480
598 334
439 74
441 671
690 999
659 396
258 859
480 983
318 475
103 783
659 509
536 112
273 851
618 953
25 405
522 926
650 171
997 368
803 907
327 441
265 280
374 926
892 249
450 772
125 646
796 503
502 976
144 630
87 718
825 417
610 921
352 905
234 907
248 714
853 115
166 298
667 499
481 324
118 19
672 427
657 185
951 571
308 559
574 262
173 407
744 621
829 204
654 650
704 248
953 956
349 103
611 876
465 618
269 870
1 218
127 950
152 927
227 996
784 113
864 463
862 718
439 139
627 175
82 132
136 820
324 217
931 115
698 842
145 954
720 782
888 100
993 798
41 761
667 605
119 772
194 765
12 302
145 843
685 81
777 652
398 868
495 118
225 598
126 670
803 363
368 918
846 143
354 729
326 996
358 613
915 786
238 447
241 361
158 284
559 989
807 177
241 250
6 336
744 239
797 123
433 557
188 293
12 961
824 199
551 172
554 336
892 480
117 968
498 890
27 496
462 801
726 178
531 122
857 257
307 864
612 60
925 328
639 708
434 421
57 954
830 223
445 35
32 136
895 942
17 484
971 103
706 456
874 870
451 971
303 42
697 763
544 789
631 902
580 916
800 252
876 47
948 428
501 96
679 524
168 118
494 818
614 767
123 516
567 559
145 346
532 786
348 536
974 727
331 627
387 293
417 811
157 903
363 484
857 456
840 535
515 33
454 383
974 582
377 85
89 950
842 220
861 208
239 796
171 900
188 830
944 644
762 407
927 453
451 404
215 471
457 779
650 634
154 877
263 61
376 181
709 29
712 783
876 514
76 654
608 631
600 580
653 454
362 795
415 378
419 464
936 582
573 687
618 104
836 39
103 480
196 134
162 18
860 189
811 995
99 981
689 259
157 237
652 442
772 990
850 790
456 654
674 40
911 309
162 244
129 997
973 220
941 638
263 534
871 765
910 759
995 461
336 190
686 818
545 430
746 412
289 360
53 255
899 755
682 769
55 769
955 799
687 624
834 964
484 733
51 466
3 166
240 297
42 314
668 323
526 801
963 649
17 311
754 318
574 109
317 28
299 625
873 660
892 400
144 958
222 395
5 145
601 2
710 492
1 884
183 612
331 305
207 354
917 959
538 388
219 724
338 414
28 486
286 646
378 879
399 941
41 885
631 648
500 190
827 799
339 233
88 423
70 267
533 609
291 74
728 759
340 517
125 377
392 148
114 437
258 304
222 737
831 733
387 588
137 929
263 33
971 982
272 508
326 579
241 757
479 695
867 893
908 297
238 553
767 924
570 312
236 852
96 335
258 594
591 281
940 90
872 672
68 941
361 189
306 870
77 169
208 280
506 981
20 63
403 177
601 640
102 599
431 519
169 556
481 770
119 932
871 737
328 639
366 411
613 954
778 321
503 6
105 595
233 550
470 437
933 547
494 319
703 137
469 123
583 679
204 240
942 962
49 817
397 507
658 397
382 655
13 616
614 970
631 40
183 87
277 936
986 945
515 701
212 694
722 919
541 497
501 180
908 980
360 748
770 533
765 542
66 514
31 532
434 990
420 29
974 668
938 606
98 403
690 239
156 567
963 637
415 282
148 647
865 371
537 423
16 17
73 64
338 164
249 775
239 420
116 465
546 752
747 145
732 235
879 628
587 476
699 466
850 154
229 303
157 514
304 122
289 650
806 945
663 740
297 955
929 474
214 588
309 360
647 48
188 699
262 86
393 773
417 159
972 623
917 218
258 937
868 680
315 568
889 659
121 889
967 676
289 69
56 952
424 828
132 501
206 642
318 472
780 757
164 934
204 423
208 580
681 713
318 176
691 911
413 365
824 300
933 630
424 602
406 990
722 567
266 70
481 295
941 872
806 174
166 73
574 90
846 671
830 32
670 457
722 226
929 721
783 234
625 98
277 837
784 551
126 684
731 602
736 864
734 303
476 555
41 2
559 192
840 798
477 911
813 565
154 338
317 806
840 877
112 232
24 890
424 180
335 390
463 125
690 147
784 852
931 647
948 751
309 871
199 599
771 110
353 99
20 605
610 333
248 246
267 396
913 658
426 310
421 907
667 943
997 620
582 318
345 973
664 599
385 74
280 928
906 700
245 632
822 504
884 161
315 358
559 971
12 446
51 829
971 764
536 431
386 178
872 263
30 441
545 354
684 174
501 790
686 676
835 42
233 732
312 214
425 498
726 320
159 530
166 559
320 615
850 682
482 455
449 54
147 827
166 117
612 270
226 960
833 168
190 895
908 702
14 9
531 161
435 116
308 750
965 997
892 508
143 732
130 653
926 938
776 231
389 700
212 497
877 257
88 175
790 408
23 43
207 318
13 499
467 165
88 174
87 928
880 186
30 828
979 318
504 242
201 66
364 506
106 874
438 832
317 556
547 403
729 468
126 132
274 801
629 51
442 207
576 97
262 466
429 67
624 55
733 21
58 287
332 658
831 696
79 135
120 76
708 309
870 839
640 387
490 22
663 703
421 569
979 890
750 955
732 66
110 474
955 229
777 709
310 155
974 434
488 221
731 139
396 848
642 920
113 752
730 45
6 19
487 870
437 445
510 733
906 148
56 223
842 962
61 594
804 817
433 971
86 15
167 330
958 83
192 542
356 257
284 38
90 373
146 451
496 132
497 349
662 41
193 100
857 141
929 808
469 223
622 911
990 851
352 963
302 537
504 766
919 290
499 773
505 148
861 591
824 25
446 963
915 450
496 320
575 610
27 904
981 455
744 971
18 717
40 45
871 408
356 955
222 964
426 925
79 69
562 97
233 429
140 975
236 544
408 303
398 186
68 377
475 361
793 956
906 741
926 736
206 26
466 831
219 157
58 21
497 979
171 286
746 134
180 615
180 736
822 83
701 350
901 576
332 87
928 738
414 193
822 194
510 622
495 286
275 653
787 278
716 720
219 296
238 116
20 175
95 661
756 753
498 161
290 28
464 465
284 356
929 121
885 626
789 54
69 923
910 323
434 147
734 903
346 844
242 301
891 184
911 95
592 251
332 318
540 891
19 471
597 262
377 675
947 875
201 589
744 853
178 871
714 949
566 690
291 604
420 824
558 514
269 8
38 330
317 769
66 966
601 398
199 843
969 338
165 861
314 633
745 827
373 26
212 152
840 705
681 503
439 387
741 783
338 274
582 49
178 427
199 806
737 952
893 565
97 804
738 450
595 439
118 608
28 792
608 826
58 471
807 360
757 343
713 145
822 285
243 126
832 545
707 975
893 904
627 59
828 533
522 344
150 521
600 684
486 433
220 709
457 653
873 180
115 335
1000 972
233 854
397 837
306 922
157 69
530 737
638 646
824 400
592 810
726 249
18 443
760 528
816 802
673 175
214 9
696 888
470 103
734 976
450 248
882 95
76 234
574 889
316 601
917 71
730 91
221 852
664 325
302 527
692 403
952 192
41 359
8 120
155 507
283 174
726 118
160 403
967 120
511 780
791 718
734 106
50 382
14 477
610 774
614 838
84 161
1000 618
286 829
986 517
438 616
293 187
576 777
338 468
395 944
69 324
323 609
593 894
978 516
852 29
10 695
40 485
738 132
386 220
85 327
619 139
71 563
982 795
987 751
221 171
442 296
687 306
500 34
106 253
913 754
330 485
371 243
870 235
546 533
432 93
14 827
496 852
885 486
903 139
164 246
567 62
238 179
556 301
673 527
132 692
974 87
544 796
724 634
603 379
609 718
363 911
590 150
777 795
616 922
350 554
926 32
172 618
981 652
673 75
971 426
475 571
557 601
895 742
303 353
772 312
386 261
502 899
731 667
346 695
460 403
431 114
606 420
255 350
809 838
493 725
396 94
853 21
691 422
109 773
934 254
259 50
356 674
654 201
947 65
732 761
325 829
587 38
663 133
222 207
995 845
83 263
320 83
139 553
178 17
626 463
268 612
827 900
314 561
61 324
27 860
503 851
474 827
917 635
701 788
881 855
525 70
178 371
16 90
839 618
513 515
305 124
571 377
718 504
297 720
928 906
927 84
968 411
127 650
542 940
780 890
323 993
125 437
96 242
36 474
738 748
71 43
856 349
85 807
124 755
453 767
368 805
663 894
264 608
542 855
360 393
824 536
42 701
224 584
228 128
690 941
488 109
458 653
594 273
833 591
890 648
392 275
600 898
485 384
512 36
734 793
436 68
953 86
275 62
683 461
722 621
212 995
751 778
644 432
366 364
776 904
61 706
565 82
895 767
924 494
346 792
347 577
60 542
601 15
503 322
565 195
35 840
675 816
435 34
481 323
331 213
441 629
354 174
523 723
283 150
606 384
118 46
688 865
619 535
583 112
658 73
511 85
421 445
169 428
444 114
498 296
342 657
164 145
257 529
990 29
169 411
266 705
932 592
36 939
878 950
207 130
610 224
531 532
395 828
948 672
889 754
164 119
165 666
362 713
921 340
800 275
123 768
362 200
679 993
701 681
374 947
430 897
548 44
245 817
257 221
828 300
393 920
98 561
615 116
925 943
31 7
380 683
966 742
128 814
540 240
43 445
153 397
94 69
92 134
954 89
537 55
901 574
741 319
427 939
689 476
581 838
711 923
298 660
651 920
603 419
180 656
698 469
518 200
719 633
774 70
636 297
618 364
746 441
771 60
137 460
925 123
907 720
780 674
450 29
329 852
290 690
111 350
812 723
104 136
802 345
330 630
80 145
103 772
203 368
526 912
70 636
519 929
971 195
77 636
8 93
365 321
682 5
692 602
597 246
50 347
911 892
437 965
443 648
678 583
743 573
662 557
75 837
670 796
857 827
71 273
218 839
827 607
559 12
880 815
879 803
861 884
61 396
766 723
79 88
724 163
598 716
433 126
162 660
254 22
257 136
990 426
353 807
870 204
729 700
380 600
235 455
534 23
257 57
920 487
150 300
244 447
797 959
836 859
150 208
768 683
785 515
148 197
81 878
708 724
998 243
466 800
105 96
893 903
34 188
597 681
42 595
388 635
787 496
543 493
232 381
488 135
92 458
301 515
380 28
364 118
238 422
419 712
783 836
3 905
315 939
945 560
61 747
87 135
534 74
106 209
303 479
341 776
113 921
42 407
632 587
63 511
893 444
365 3
817 856
565 138
203 121
39 727
47 855
958 507
216 252
471 872
668 335
866 266
667 327
887 416
728 343
341 332
662 606
791 830
369 947
118 22
247 950
314 502
243 873
425 882
616 539
809 786
306 55
416 603
734 79
425 643
814 359
942 408
528 316
487 69
457 50
352 456
23 231
546 816
240 541
922 127
410 267
31 185
235 274
664 554
131 751
656 439
102 70
663 661
246 657
563 609
56 649
309 729
770 349
177 267
992 469
984 889
306 861
972 574
129 252
924 697
926 475
506 920
841 673
652 653
570 208
646 101
573 987
405 569
266 273
569 408
53 119
146 315
94 669
294 323
722 390
206 527
617 356
281 277
177 827
355 314
660 944
19 40
937 621
241 72
670 265
963 769
364 95
677 531
312 909
838 709
190 914
895 683
556 203
790 717
347 661
333 922
959 954
145 172
471 780
679 299
761 572
853 20
762 966
711 90
67 49
476 521
94 104
39 972
9 542
657 154
273 145
135 559
501 27
250 285
398 571
258 150
494 928
335 100
600 11
718 735
442 346
26 29
524 812
687 352
232 874
514 246
254 479
864 383
718 590
261 887
23 888
228 766
750 863
162 732
932 424
220 74
775 786
667 909
210 48
232 520
942 204
20 849
956 903
741 649
957 988
29 541
589 453
71 946
845 859
7 74
525 521
997 67
586 521
254 923
641 252
35 457
787 576
647 395
634 66
856 874
877 748
659 457
676 617
38 902
785 766
351 362
857 497
289 39
883 857
313 359
498 925
651 571
47 914
484 728
527 484
200 751
312 937
174 531
639 741
360 981
337 888
861 683
826 670
388 405
320 355
263 983
800 490
181 634
383 432
886 177
562 731
139 886
58 778
437 785
59 513
905 487
339 799
641 793
490 721
52 632
258 203
79 801
338 413
396 125
962 163
883 715
636 462
421 670
801 784
34 474
474 796
115 994
745 639
192 361
546 888
763 738
322 996
841 172
861 49
447 624
448 562
789 325
529 904
125 487
660 470
440 625
940 966
23 610
634 607
723 287
358 710
112 988
828 994
11 312
547 858
785 977
91 118
521 635
573 914
647 495
336 127
267 995
788 199
419 700
494 224
579 90
82 542
981 722
229 861
525 864
769 626
125 924
674 891
557 527
468 618
915 45
920 661
242 380
134 627
601 976
929 857
40 544
866 500
192 747
986 781
904 24
647 960
672 20
529 381
431 53
770 609
243 909
355 327
729 86
287 988
273 200
457 315
754 515
813 974
904 886
691 14
250 226
306 16
342 690
143 996
808 210
705 382
763 416
321 629
40 11
245 478
466 477
75 839
931 893
897 701
970 989
202 291
629 120
866 794
410 308
452 943
714 454
989 64
679 900
758 903
690 351
37 708
955 65
922 314
546 638
382 266
935 528
846 405
833 970
480 286
953 385
68 125
159 326
287 797
655 395
916 195
738 661
833 891
451 162
318 765
485 148
345 513
287 674
20 111
940 200
466 579
589 239
755 251
367 769
189 737
768 227
925 173
587 914
147 213
959 82
703 624
674 222
363 707
81 161
241 163
955 747
687 580
579 199
601 899
916 943
507 224
134 835
420 745
682 196
740 466
298 205
501 450
963 693
160 38
142 122
277 977
943 268
838 594
920 229
386 683
353 420
224 818
833 114
725 68
946 435
70 891
74 374
577 117
540 127
282 795
134 776
857 997
325 839
437 841
666 645
313 859
100 693
563 55
781 212
239 886
37 39
304 477
47 383
934 525
993 455
116 274
478 409
463 495
619 141
417 643
236 731
275 797
662 923
850 347
687 316
35 189
589 766
719 79
832 865
660 148
504 466
710 774
309 695
534 48
614 226
797 898
444 750
46 654
908 285
909 564
234 214
401 945
335 628
546 501
498 434
225 618
671 159
638 966
183 465
441 50
423 70
299 60
926 107
566 18
452 470
897 359
495 336
360 77
289 215
682 902
61 587
522 47
816 704
356 153
432 761
967 939
825 118
535 807
373 634
872 183
330 655
882 976
477 556
80 346
354 281
952 729
916 633
665 831
31 859
165 724
801 463
51 152
930 685
665 654
334 873
321 866
782 17
549 778
606 309
700 682
316 163
31 600
14 302
678 241
869 874
178 715
899 117
331 631
773 596
524 862
279 363
526 519
343 952
932 203
628 602
790 249
386 243
338 216
420 792
296 764
213 739
905 902
581 189
28 723
875 912
144 304
328 173
932 366
901 806
828 266
701 756
701 851
997 653
979 910
125 450
32 343
788 744
266 26
385 171
847 143
650 713
857 618
618 197
357 191
927 231
909 600
604 607
3 661
577 808
241 559
537 202
133 495
210 482
854 603
266 464
506 957
961 737
295 95
152 407
116 968
708 244
820 974
509 679
555 363
257 135
172 953
636 374
696 835
627 365
33 246
276 606
761 780
613 787
137 176
714 698
43 842
925 296
821 887
382 663
735 145
576 550
152 962
144 946
515 581
933 254
97 630
540 48
192 942
299 898
356 753
108 18
368 175
117 492
486 659
30 953
425 841
411 490
550 347
936 91
701 965
297 391
942 465
678 511
131 776
212 764
789 467
990 460
961 730
28 823
124 988
654 743
894 168
736 198
138 318
314 932
23 524
326 583
69 624
920 316
850 69
282 901
174 507
694 283
770 258
132 767
488 173
34 9
2 555
464 182
63 150
272 813
147 331
671 32
48 260
751 74
661 318
424 979
865 532
299 405
912 952
195 324
747 787
199 372
972 948
49 972
134 481
764 54
303 426
117 908
189 303
906 489
713 993
553 596
866 501
422 191
248 836
29 503
587 309
145 218
973 512
406 643
766 789
855 572
144 926
829 122
994 384
153 608
317 173
800 201
620 330
123 738
610 208
463 244
155 175
913 81
348 692
260 610
980 767
527 556
306 224
624 107
642 326
643 35
58 174
435 621
700 39
25 489
922 25
290 439
600 371
598 706
877 284
514 191
62 927
432 436
803 135
987 418
73 422
515 283
956 511
23 528
809 385
796 237
489 54
16 834
551 754
589 571
20 778
883 226
258 643
578 780
153 367
659 693
510 431
992 442
855 457
505 813
312 439
383 820
738 773
45 644
673 834
719 434
938 422
370 36
564 540
376 685
750 451
163 524
609 897
39 98
431 660
308 65
381 533
77 828
623 273
829 658
422 72
282 727
924 138
997 460
677 462
548 986
695 789
331 14
298 349
236 334
621 97
476 52
127 488
553 705
50 447
934 70
776 96
213 516
589 918
903 802
585 577
813 730
148 833
565 916
203 310
706 643
925 931
35 497
307 372
148 816
810 613
830 608
101 880
576 42
170 855
799 384
118 643
747 224
236 619
917 326
274 840
439 134
757 391
775 808
337 452
525 257
908 399
432 80
257 27
496 855
478 843
319 813
903 489
457 588
276 400
224 833
461 940
138 401
410 602
983 811
372 855
992 326
955 330
938 117
432 781
141 875
21 309
660 92
310 989
224 542
688 173
302 989
964 330
233 704
109 301
493 142
935 123
721 171
152 346
748 644
821 112
786 872
952 385
221 772
630 736
796 306
85 309
181 834
921 999
830 113
388 44
517 232
713 661
565 236
392 50
521 78
904 66
363 349
606 427
109 881
365 263
443 581
423 747
948 15
31 714
195 856
736 768
229 272
499 986
727 625
999 985
442 518
424 5
247 517
639 263
288 564
566 923
157 898
526 309
840 540
88 289
71 616
610 506
55 436
508 745
330 437
278 957
847 136
67 570
675 315
306 394
269 534
845 631
77 461
851 218
916 950
157 597
729 762
72 31
828 762
120 191
157 454
284 204
595 134
751 482
880 694
901 967
439 904
784 370
427 832
120 302
312 763
413 237
505 884
717 287
591 314
977 498
428 302
747 520
986 320
600 790
217 694
881 751
719 535
180 477
843 567
904 433
43 943
542 391
375 114
627 899
491 303
911 214
995 321
557 698
873 637
48 742
826 557
242 404
185 849
579 815
446 282
970 400
146 78
703 374
728 354
933 253
723 681
207 504
299 901
160 333
288 370
1 847
572 386
41 94
499 950
890 45
349 248
967 355
120 688
357 653
583 147
841 368
480 200
818 96
958 546
583 288
715 744
573 266
277 317
299 227
460 965
504 45
123 773
509 292
20 529
993 127
872 888
373 469
141 495
326 565
367 299
286 327
979 88
99 790
206 30
462 388
138 454
625 950
220 334
367 9
393 748
380 900
418 169
495 437
320 999
24 138
450 374
159 386
381 302
163 583
495 282
891 481
321 471
604 800
977 248
741 111
753 337
256 449
61 310
994 605
93 143
647 441
217 320
872 97
708 911
322 94
878 59
830 446
43 792
673 481
894 801
623 365
751 664
496 164
422 188
958 450
725 317
35 873
805 373
41 408
123 310
136 484
464 529
763 215
325 976
731 629
765 339
763 324
396 474
165 968
795 65
16 360
182 645
681 106
350 351
134 295
504 875
467 97
801 833
145 293
210 837
653 69
124 771
602 927
788 988
606 959
864 330
476 128
719 196
867 593
488 718
430 817
782 522
287 104
842 273
224 88
396 284
248 78
529 985
589 681
276 270
97 319
885 270
126 18
709 208
710 683
289 653
16 835
328 117
699 70
718 166
205 305
328 473
709 433
567 71
381 208
147 392
556 212
208 362
303 544
138 77
414 150
567 500
952 542
354 719
920 701
985 983
731 247
287 573
238 421
756 674
261 146
669 309
1000 244
711 670
267 513
881 695
110 99
590 297
783 849
958 781
834 871
321 344
198 646
68 369
860 567
826 387
66 12
989 966
955 858
759 464
839 280
679 179
807 894
55 21
530 289
7 443
670 562
870 225
89 119
541 319
909 315
765 833
507 945
736 869
753 953
990 687
294 881
496 317
373 73
411 292
764 499
473 611
202 99
424 185
79 795
740 999
689 627
448 815
984 401
677 388
883 645
130 119
886 264
448 862
417 641
185 669
992 795
240 528
317 628
525 431
728 773
893 725
876 389
163 114
382 74
348 46
828 650
247 889
796 710
853 915
487 693
179 764
257 26
277 87
400 526
63 971
48 16
231 513
200 171
458 947
440 666
738 695
652 739
548 468
93 593
613 138
885 693
580 69
397 869
845 103
906 818
113 809
593 103
332 13
81 267
778 435
708 944
929 37
103 496
367 517
425 262
597 472
48 555
324 968
769 589
153 620
341 11
644 254
540 959
160 435
288 372
550 192
937 157
244 745
407 225
579 592
340 196
164 271
108 40
571 832
93 412
238 735
922 666
304 669
469 486
623 744
993 263
791 972
456 539
433 328
253 583
70 7
814 134
732 765
856 184
567 602
348 757
149 749
701 784
10 677
512 815
639 100
624 259
794 593
224 145
732 825
129 430
987 9
244 67
337 295
637 756
380 643
840 865
132 886
98 920
68 32
182 56
684 474
206 946
813 250
798 342
569 622
147 357
573 794
522 284
76 261
848 310
452 421
720 413
313 25
974 294
43 128
655 905
824 395
237 842
510 710
738 957
225 854
19 703
963 960
176 446
584 267
824 378
207 903
996 24
281 853
109 417
660 855
700 772
294 253
702 206
377 537
449 100
30 715
865 828
459 15
703 224
764 498
526 306
716 109
754 312
1000 648
910 53
804 536
715 175
4 192
813 854
763 187
909 323
804 623
608 395
504 993
302 148
213 967
616 715
145 431
259 163
979 368
961 781
121 88
377 198
486 864
676 304
74 110
849 812
614 620
504 191
545 703
962 142
698 699
41 904
183 199
134 690
448 902
286 426
876 446
533 619
908 119
991 927
941 246
639 124
49 6
909 920
568 870
236 940
20 641
58 316
385 4
738 426
284 782
879 719
242 640
686 2
285 956
427 798
103 727
270 760
698 255
721 822
149 197
133 576
910 776
413 240
846 94
885 764
264 512
229 120
125 183
443 662
100 491
526 715
854 724
786 524
90 129
647 552
682 973
111 245
739 564
276 798
389 25
122 542
527 295
674 185
203 883
157 646
442 150
673 119
661 542
518 377
96 880
575 120
99 435
256 574
223 18
389 844
839 452
805 372
734 682
282 562
155 387
726 990
372 986
286 257
792 752
425 905
942 678
891 778
288 415
364 138
148 943
790 490
210 544
84 249
178 66
252 823
53 770
573 75
331 416
169 285
265 818
947 298
753 591
866 934
851 159
656 168
127 923
573 301
222 933
631 539
672 826
72 782
128 992
275 883
40 300
205 718
206 345
541 928
58 428
106 21
435 781
686 214
447 742
819 947
695 28
129 123
976 578
803 487
435 227
589 394
821 908
30 52
166 286
894 311
309 483
113 546
834 578
135 363
928 515
836 500
177 561
77 984
495 313
958 931
67 285
858 255
143 157
699 173
975 880
268 834
360 227
103 917
713 673
626 194
75 328
95 773
886 560
102 843
467 738
880 337
398 324
718 950
385 895
226 839
298 200
541 28
431 245
1000 290
749 153
809 732
764 314
692 15
975 695
751 556
83 528
65 493
446 674
35 661
752 353
808 403
477 792
829 483
743 605
472 392
827 526
633 851
540 233
502 356
220 462
397 200
588 733
907 466
408 735
706 560
818 86
914 453
830 974
662 815
899 427
979 400
562 83
50 191
272 141
149 825
131 834
339 167
451 417
624 375
533 931
737 72
726 313
339 276
547 219
987 384
611 704
764 726
486 372
767 973
533 133
550 813
755 227
648 948
772 850
591 288
594 4
647 18
650 306
375 981
450 268
837 672
677 987
608 168
458 771
310 800
538 719
264 728
649 790
157 179
162 235
703 920
560 410
843 315
424 941
132 358
263 696
929 36
731 496
126 506
989 952
463 709
725 658
925 464
69 862
637 246
507 129
53 928
610 594
167 301
65 175
873 528
394 667
930 569
324 856
436 306
811 358
371 497
527 162
301 737
679 295
148 677
740 727
837 959
230 909
204 532
373 955
815 84
691 474
306 68
571 688
164 378
718 769
365 551
758 6
692 944
841 346
804 298
663 125
644 819
870 991
762 188
672 684
69 180
218 912
738 165
407 676
603 865
328 321
244 328
202 358
311 8
7 275
616 936
250 618
624 403
608 776
550 623
628 379
978 406
998 93
211 381
700 201
76 645
296 541
908 316
50 532
331 164
236 879
832 622
979 753
232 298
19 939
602 847
523 44
46 907
379 442
362 548
256 217
367 213
998 409
655 904
927 919
217 692
159 569
42 329
336 38
172 948
621 739
91 780
533 349
612 506
243 633
989 987
986 19
234 796
682 776
694 634
702 207
260 422
388 115
320 601
808 693
412 105
948 75
991 151
393 364
801 383
839 483
967 174
880 272
934 61
916 536
294 988
467 605
99 116
504 516
545 882
895 984
821 997
715 174
863 126
645 311
4 193
501 432
913 135
786 399
930 555
753 832
662 538
944 795
729 239
32 905
658 213
754 618
70 687
982 634
72 565
895 143
58 616
631 641
27 831
925 794
585 889
583 290
179 1000
842 104
808 24
681 302
130 60
23 811
373 651
293 388
115 919
443 156
762 434
727 676
785 393
415 210
272 356
422 810
447 717
504 269
654 661
567 204
914 958
393 616
491 304
278 697
564 886
50 568
864 236
978 255
295 286
241 691
297 977
357 33
603 265
660 304
132 649
462 676
712 159
55 559
479 995
266 322
547 815
842 913
958 791
188 301
648 965
81 338
50 711
797 60
265 411
88 530
363 616
626 46
362 693
534 773
284 966
736 880
209 566
228 278
781 744
716 3
377 677
32 88
904 28
868 469
278 926
31 767
191 668
40 780
394 949
468 42
584 883
435 291
300 675
914 316
544 193
623 803
852 7
504 877
783 595
277 708
888 723
26 46
672 724
267 264
805 792
940 214
679 819
884 775
885 234
614 408
170 769
547 337
827 161
142 501
900 947
978 463
196 400
803 136
253 193
948 935
309 607
438 125
483 836
764 691
853 878
338 455
824 776
270 485
76 717
77 10
168 512
849 49
968 39
327 988
590 994
115 62
979 681
211 531
534 741
665 378
423 94
760 824
695 338
682 543
719 600
354 700
150 877
389 491
165 866
945 555
678 547
114 92
618 732
886 561
632 592
214 114
17 726
74 513
436 168
185 360
449 35
964 646
514 905
34 607
937 278
995 232
799 952
89 117
606 434
843 940
346 588
222 443
79 598
411 24
639 526
977 232
848 917
387 19
248 577
818 885
800 232
964 971
108 85
553 480
937 65
44 749
705 173
85 411
712 513
911 637
236 305
421 705
139 400
909 108
255 228
601 623
223 262
157 812
71 562
510 22
22 62
153 189
323 465
118 727
284 992
82 962
344 703
185 682
665 139
408 156
32 717
928 979
305 308
487 516
842 533
223 866
557 126
206 84
51 917
984 894
489 416
684 391
841 676
38 524
954 909
663 999
464 113
337 901
889 688
618 286
690 899
252 240
381 468
863 560
902 244
869 111
66 332
319 898
547 743
294 8
795 673
856 945
413 330
357 509
482 296
341 152
896 513
164 679
860 644
990 751
863 359
99 458
894 895
972 221
186 806
406 735
597 312
314 222
449 184
465 379
184 315
437 919
733 87
378 113
12 328
496 460
605 977
286 771
306 69
364 211
58 994
684 882
369 547
80 666
282 234
600 97
697 989
737 792
663 240
773 592
740 901
139 444
197 398
698 677
572 78
334 297
847 280
836 619
418 732
33 533
457 162
168 299
738 388
542 556
484 476
232 525
768 761
702 854
346 396
24 392
423 256
625 12
196 142
641 15
915 600
935 677
537 72
195 78
358 686
716 596
587 414
648 716
205 217
647 390
9 310
63 207
66 289
673 783
215 896
860 475
399 201
665 675
831 202
48 747
158 352
915 167
769 10
686 826
891 292
292 287
256 407
310 734
957 854
316 543
423 981
27 468
985 132
285 788
859 435
522 801
873 755
769 984
511 893
347 756
791 671
777 365
170 327
613 753
528 957
156 918
375 258
892 424
765 918
558 745
388 289
338 628
84 368
981 238
729 125
820 300
515 726
113 480
259 20
279 73
265 907
496 327
974 395
541 519
946 89
867 207
469 540
442 392
406 39
303 677
187 436
813 280
693 962
732 872
348 97
535 207
693 883
896 539
590 741
629 129
509 3
590 788
112 755
189 901
595 254
278 702
564 887
533 188
770 286
129 142
385 292
169 299
203 646
590 54
793 336
996 329
82 761
911 480
823 692
107 790
635 308
950 197
281 533
188 817
50 30
682 971
275 499
939 40
545 725
392 309
598 956
716 350
842 993
901 508
830 466
613 930
764 50
282 767
427 506
484 761
637 804
574 934
218 95
730 352
624 675
456 821
346 617
190 830
653 702
875 498
531 222
517 479
22 983
350 32
297 180
320 243
528 552
357 365
340 299
147 598
956 960
202 491
335 261
14 746
398 581
575 911
247 718
840 712
13 402
362 372
823 385
93 228
718 512
995 536
746 670
448 885
305 988
628 670
644 667
629 67
754 960
866 646
334 400
944 324
616 993
563 666
387 912
262 300
444 711
873 307
121 438
693 760
78 626
400 549
789 213
332 544
281 294
690 698
860 206
720 569
671 166
530 822
582 519
768 975
310 858
578 554
998 471
811 176
442 246
161 27
960 773
405 656
925 89
85 428
638 536
566 341
700 863
238 138
185 510
778 365
128 980
270 890
843 833
220 768
673 637
427 486
252 657
752 623
787 134
921 952
848 872
795 915
227 117
821 939
354 80
463 950
514 680
19 462
131 136
60 290
605 538
622 680
648 397
891 665
430 7
521 969
398 545
224 426
260 578
329 97
59 344
241 718
371 474
656 150
235 379
456 380
934 104
561 271
522 630
525 428
586 170
969 34
418 808
427 698
121 481
714 374
220 19
718 278
349 689
975 365
337 329
449 823
547 170
335 627
840 15
146 896
642 797
789 90
6 156
963 203
418 20
950 455
1 100
458 769
88 982
794 627
228 235
301 609
655 950
824 498
915 797
823 764
191 118
858 209
285 329
113 814
555 147
994 913
635 929
673 76
161 400
878 7
551 167
464 303
601 994
929 939
860 645
222 378
276 566
995 182
485 728
841 716
939 431
888 930
820 474
164 390
56 263
865 759
847 899
207 480
191 667
361 816
916 876
131 228
680 649
416 526
761 447
745 875
871 287
448 159
66 578
468 210
861 773
478 495
995 707
10 721
853 737
302 89
268 25
931 683
643 127
98 706
266 566
177 209
40 343
594 930
965 25
710 357
864 484
849 624
499 395
928 897
783 985
572 796
153 442
997 793
149 626
219 137
185 777
332 616
725 999
659 753
56 538
129 210
665 384
564 690
767 705
128 22
882 301
186 276
66 318
56 888
452 457
943 161
642 858
413 444
678 616
123 145
711 496
612 75
616 14
66 115
715 270
420 620
535 951
203 182
792 505
541 194
678 933
863 491
99 118
49 925
764 380
605 672
423 151
365 487
303 648
482 197
869 983
729 124
183 639
312 636
373 925
461 613
729 237
692 999
396 228
198 24
164 152
383 20
575 618
965 842
142 837
742 596
625 413
473 600
274 603
788 981
710 22
857 706
987 703
14 553
643 91
862 365
486 952
170 811
620 807
162 651
144 386
594 902
956 353
524 93
656 109
936 781
705 389
263 24
492 932
92 238
845 1000
974 244
866 826
727 388
313 273
591 11
435 976
755 967
565 11
349 618
557 69
978 154
390 52
980 700
855 288
984 823
83 60
368 888
299 234
263 335
640 174
548 495
665 269
349 780
668 756
371 748
815 775
262 909
484 53
768 2
933 712
475 858
521 462
671 802
264 865
928 132
433 926
360 138
125 918
683 46
84 705
130 777
688 599
985 443
570 953
255 569
174 561
92 842
933 780
950 890
353 402
631 35
103 361
796 921
810 360
99 227
916 586
322 542
605 565
169 843
39 927
444 45
339 961
356 865
910 391
772 455
49 756
601 263
250 351
801 837
441 491
54 583
2 162
315 169
541 667
500 723
638 385
457 232
633 383
121 347
214 776
219 930
111 624
535 210
774 622
885 153
408 275
690 345
12 173
931 65
516 749
756 234
828 719
150 295
577 969
564 933
966 709
950 222
292 540
186 123
349 733
498 313
707 951
357 242
197 921
769 8
453 559
419 403
152 54
814 744
806 648
509 776
94 910
926 113
108 862
287 569
98 88
114 203
404 379
775 276
51 710
677 774
128 333
536 122
864 583
78 449
56 600
910 692
275 127
519 863
887 234
2 642
485 594
358 800
310 647
403 291
796 346
265 262
801 180
235 528
324 871
952 200
540 855
28 99
137 697
622 847
200 956
679 316
353 446
5 349
890 143
321 920
87 689
112 3
365 431
459 822
170 687
279 3
100 556
619 980
344 214
364 233
165 1000
190 565
981 278
748 7
147 496
813 701
390 918
157 953
709 380
772 175
552 185
643 2
884 758
387 320
830 756
509 363
481 420
735 569
392 965
541 784
33 981
824 968
14 912
236 608
554 653
976 15
391 30
943 541
31 55
253 227
843 619
310 106
959 412
836 166
766 35
751 469
756 125
758 647
64 959
381 313
836 53
836 489
858 525
675 241
771 674
863 981
797 702
590 183
533 100
989 610
829 781
495 489
298 855
996 258
320 803
673 865
394 322
94 757
483 318
161 38
751 905
254 723
502 535
707 495
294 876
673 67
527 280
420 676
682 787
664 314
904 361
190 298
337 566
359 945
878 503
695 711
321 393
866 903
941 835
450 894
397 293
915 472
221 545
661 708
611 361
136 465
299 527
503 487
70 718
938 335
368 42
744 661
862 197
311 577
460 617
249 138
601 93
269 77
843 168
370 910
56 173
486 888
857 884
970 61
718 695
957 273
528 287
819 304
266 567
763 735
214 961
166 776
560 543
323 468
101 539
50 817
569 807
961 554
459 241
845 626
686 162
139 306
448 604
953 561
771 992
575 873
907 224
529 566
401 919
737 331
426 482
723 264
506 852
955 365
828 981
868 666
741 404
203 209
357 411
414 210
884 428
831 359
302 915
484 18
587 963
682 981
241 931
829 898
985 380
27 431
940 285
602 806
259 476
39 33
668 439
480 792
501 610
494 297
432 663
138 581
322 230
360 845
108 731
40 587
21 776
26 738
674 994
43 866
994 263
299 619
229 742
86 337
967 56
963 922
786 394
516 39
187 635
558 606
193 270
583 249
109 626
683 831
34 611
995 657
412 185
27 899
947 210
206 404
861 504
704 45
558 824
540 323
979 229
193 552
601 347
320 295
733 430
74 253
568 483
866 881
961 547
710 934
596 529
698 566
862 765
999 444
250 653
128 951
58 312
918 162
970 417
263 27
747 316
479 697
917 12
656 268
785 680
56 584
241 636
519 328
498 357
686 408
746 143
545 638
747 602
785 825
21 263
777 633
337 946
319 230
357 447
533 412
573 939
281 539
47 744
564 518
730 810
161 125
184 480
164 795
393 677
75 305
864 666
646 326
151 636
899 884
691 603
531 2
626 444
863 441
14 885
377 682
53 507
614 960
786 95
995 943
892 573
472 432
199 839
667 401
579 701
356 866
69 343
677 104
439 357
496 357
5 939
101 838
743 283
301 963
813 988
642 320
2 163
644 758
97 231
426 983
300 956
325 31
435 627
850 366
837 116
608 167
430 468
181 396
974 684
749 266
404 192
60 180
245 618
763 997
68 213
117 389
438 483
903 47
393 674
585 342
368 780
336 308
211 532
216 874
620 712
968 185
831 146
6 65
245 91
696 547
294 460
168 944
171 19
726 451
447 166
812 395
933 393
807 134
518 63
276 830
354 554
794 831
349 210
472 848
843 835
860 675
481 90
151 896
778 464
82 799
220 513
821 824
588 21
695 787
754 237
905 245
545 846
673 369
804 973
291 658
552 856
222 446
939 466
632 928
815 207
692 186
502 703
13 210
508 910
256 925
900 350
504 797
620 59
986 701
23 142
300 529
631 443
636 717
213 620
822 906
474 812
697 823
554 616
352 448
559 409
699 298
457 139
297 594
63 643
173 63
448 962
124 915
72 814
895 422
733 7
862 693
519 652
799 172
512 614
435 877
176 860
132 287
82 10
211 722
305 297
801 37
471 156
668 1000
57 242
135 421
584 167
206 970
355 524
555 503
335 660
693 365
592 880
168 940
975 931
212 865
142 652
303 507
19 48
555 34
276 577
5 13
324 821
386 612
976 396
427 576
377 753
51 368
421 194
307 154
192 459
42 149
333 914
338 764
100 995
953 741
182 949
53 563
882 685
310 442
833 87
47 85
675 788
565 392
187 819
142 379
734 497
115 782
973 851
960 350
523 908
106 514
359 372
987 951
992 623
329 357
262 313
46 134
699 175
415 311
914 402
202 384
757 210
615 788
946 3
710 40
288 697
788 802
532 916
809 265
525 818
866 874
116 381
814 250
466 412
69 65
89 899
416 995
865 34
667 788
728 742
414 279
73 407
92 405
862 657
352 202
36 380
59 983
908 312
103 388
196 122
604 111
896 336
456 199
534 326
441 373
423 317
461 74
689 431
358 722
110 339
439 567
543 429
674 460
822 252
256 221
313 28
833 73
684 245
156 446
393 980
780 544
34 990
588 409
954 799
565 903
916 343
935 21
593 70
206 627
544 654
717 861
664 279
114 498
974 111
172 726
800 855
928 156
303 268
325 708
436 355
511 745
701 425
497 331
602 478
477 698
521 108
961 117
247 848
109 847
113 276
331 349
558 748
498 710
762 907
231 578
691 397
585 690
506 205
643 302
882 544
973 887
869 806
321 752
508 950
481 10
887 646
597 44
896 833
914 502
365 664
738 210
131 992
631 669
836 571
729 397
317 688
533 517
571 446
761 357
995 590
135 809
951 395
862 738
149 893
975 1
7 371
563 643
888 534
567 859
309 583
607 586
685 236
633 331
410 506
286 329
828 660
814 867
858 595
196 94
551 596
521 288
7 871
508 207
200 232
219 4
976 889
977 464
427 51
559 890
396 878
710 148
111 131
264 660
713 575
471 283
872 271
242 65
925 114
825 948
506 698
33 58
392 135
564 293
583 523
700 805
826 600
414 786
830 416
868 243
579 864
85 247
34 567
811 277
235 711
34 793
592 132
99 148
687 895
100 955
164 472
875 100
256 771
175 56
433 425
183 605
11 698
331 470
723 568
904 894
599 21
619 891
430 494
162 856
731 873
435 340
723 937
446 884
707 482
933 334
990 369
404 636
277 490
733 441
905 741
211 701
32 631
89 586
219 567
314 865
900 552
886 337
600 378
799 314
677 646
914 764
771 797
809 466
374 916
92 93
58 477
132 932
524 210
167 738
224 956
479 668
371 63
499 242
381 234
272 610
485 550
45 339
860 376
111 54
457 699
721 934
774 168
578 553
500 639
564 264
711 775
234 559
347 196
475 454
4 547
750 458
891 368
34 889
954 582
756 590
260 491
82 909
734 617
521 202
407 501
617 401
907 981
469 44
846 746
260 9
472 111
227 864
759 204
173 745
160 284
308 652
921 735
725 61
969 747
861 909
992 580
815 44
710 178
202 109
519 856
278 78
151 436
908 209
857 655
788 783
369 889
166 659
297 448
327 14
606 925
2 55
594 957
392 967
396 355
434 682
805 905
666 65
462 36
500 927
563 763
214 645
729 743
89 838
500 782
286 129
306 707
132 815
573 671
333 154
280 986
172 24
375 547
51 921
747 404
15 626
96 258
663 626
479 513
635 727
82 301
747 549
732 407
739 661
314 296
500 595
211 928
910 628
214 321
99 161
759 767
427 136
858 220
689 385
823 622
707 465
23 358
626 227
935 193
392 95
321 175
618 591
51 450
200 764
863 355
919 589
482 474
635 128
636 933
377 752
929 405
94 311
97 753
977 629
66 780
752 307
790 693
60 338
722 963
248 754
69 524
30 770
717 764
28 359
628 159
198 51
95 329
960 462
176 605
943 255
198 66
787 611
349 46
296 966
614 634
120 778
671 513
446 780
418 617
662 972
774 778
685 485
580 717
426 322
37 418
240 562
477 315
136 845
841 8
264 387
438 142
592 620
889 788
871 220
918 887
412 523
261 528
154 992
854 881
242 745
918 998
23 710
101 162
764 614
186 416
466 624
547 937
835 108
645 563
521 582
370 20
354 753
915 873
375 805
674 60
108 928
454 700
823 733
440 410
502 585
821 385
530 543
161 448
215 714
309 248
384 673
901 388
631 389
794 884
816 740
1000 65
218 130
169 990
540 763
982 64
105 524
661 629
645 16
701 961
756 821
568 99
217 123
734 688
293 515
762 793
748 788
783 311
930 713
311 566
520 85
782 894
244 715
819 195
857 948
222 6
938 735
499 959
62 431
518 592
782 868
987 914
252 809
867 747
148 768
39 837
832 229
800 387
965 823
732 582
383 486
754 758
560 735
558 830
50 241
549 153
112 442
184 791
166 679
80 920
361 365
892 76
435 646
202 647
611 545
779 285
453 278
497 750
920 834
842 223
634 757
690 259
784 196
953 595
555 643
280 995
177 852
971 851
703 564
55 260
318 718
279 860
110 364
537 366
823 688
703 846
794 950
1000 159
211 856
820 938
821 415
53 5
455 128
21 743
5 162
613 93
171 70
501 487
786 921
345 383
678 651
937 515
739 907
850 528
273 835
116 34
68 597
87 475
664 372
612 106
967 413
142 913
553 604
290 938
679 132
630 619
477 620
270 74
886 968
843 772
490 905
330 862
130 937
133 433
112 26
882 754
320 247
875 391
644 978
717 644
131 33
278 304
904 895
793 553
813 598
145 286
59 304
666 328
799 404
983 731
140 23
699 256
455 910
131 876
741 901
376 410
727 726
509 193
555 961
439 186
353 829
788 569
811 744
776 885
122 667
110 558
382 307
883 234
828 697
153 375
689 101
391 981
305 412
56 614
203 713
348 278
64 965
443 550
661 120
609 267
210 418
410 864
233 835
159 623
208 143
775 273
411 546
453 588
103 770
569 394
309 143
440 82
494 133
636 438
837 889
697 46
471 687
130 889
220 877
259 519
422 497
427 333
467 744
342 184
494 487
599 256
130 923
28 126
469 156
951 872
900 58
578 140
407 218
601 213
108 940
503 397
142 157
827 663
293 223
701 178
832 271
979 464
841 471
89 282
754 604
443 799
10 854
909 22
658 790
264 455
428 304
84 906
896 778
698 650
809 275
59 348
805 495
316 357
747 75
175 418
839 635
399 798
736 440
166 739
448 964
215 454
162 718
681 762
562 175
780 250
183 149
42 795
279 678
272 801
189 969
754 669
214 612
984 835
310 139
96 259
993 523
408 831
876 832
163 951
368 899
592 651
423 121
724 764
621 616
742 812
821 422
897 382
595 521
65 534
643 210
254 726
38 995
111 299
481 838
722 636
924 960
24 142
963 890
567 537
450 91
513 703
476 991
807 53
354 447
65 816
450 970
199 197
365 221
848 185
77 581
360 995
514 870
34 636
333 912
762 770
85 31
660 527
238 631
706 477
815 757
446 576
412 336
681 137
113 511
169 445
100 707
908 912
644 938
849 936
645 511
411 920
814 286
295 812
218 773
338 318
502 501
69 190
987 855
511 361
884 725
918 813
340 647
987 708
400 820
495 997
242 213
463 379
908 468
698 896
276 350
724 860
694 380
515 347
684 322
480 352
121 626
206 263
326 739
205 498
25 884
693 429
717 279
300 345
581 760
530 890
986 328
955 479
458 688
242 91
176 437
947 668
702 358
896 750
712 470
659 177
942 193
554 313
369 53
852 710
731 323
420 554
38 233
991 157
117 544
703 233
778 688
18 125
511 888
368 506
528 946
402 367
22 972
761 486
691 399
390 290
808 337
776 143
778 869
835 876
363 95
326 97
933 455
735 975
97 879
867 351
597 938
212 136
250 327
469 551
240 881
332 338
525 14
453 243
970 943
386 172
334 270
62 793
654 637
45 157
54 665
127 893
174 597
188 983
121 300
874 146
953 737
457 978
82 65
111 246
713 225
971 965
797 408
189 896
463 488
465 472
963 361
480 763
989 698
137 654
682 658
539 353
152 77
713 428
661 212
294 423
925 223
708 209
160 967
214 142
307 536
803 703
73 862
682 948
596 914
81 315
581 908
302 797
44 926
275 103
521 323
812 710
25 652
393 208
566 509
990 537
294 16
702 237
248 990
686 91
549 518
218 278
809 745
458 281
12 598
209 697
908 747
194 271
285 612
517 73
834 223
857 102
472 4
715 64
753 917
165 111
807 688
701 173
743 566
321 801
123 765
469 473
736 704
292 358
863 233
761 371
248 410
568 717
348 653
68 992
23 103
154 498
546 944
835 985
912 170
487 90
953 946
382 884
629 477
117 233
420 480
594 983
514 180
291 21
370 518
477 354
577 604
269 598
823 211
738 585
153 453
484 401
952 414
193 964
510 325
650 694
138 482
546 487
655 699
345 670
107 523
322 749
745 857
281 474
287 660
771 731
822 136
775 131
849 11
263 431
307 711
642 596
280 314
114 199
704 773
695 473
938 318
21 762
303 480
638 541
994 633
348 842
118 417
725 647
561 622
530 503
933 970
159 514
75 478
460 268
189 330
341 127
183 870
26 729
887 4
915 305
41 508
170 280
627 398
869 922
967 509
365 427
701 177
536 80
13 456
361 1000
197 123
754 605
442 619
761 271
999 192
959 766
861 828
678 338
325 248
672 647
793 668
681 479
221 14
370 840
26 12
942 22
28 594
975 74
577 655
228 717
889 141
340 723
168 452
500 921
173 77
895 304
93 790
242 624
774 473
7 458
608 65
607 797
422 967
404 86
893 928
456 394
768 817
111 586
722 200
358 644
659 212
132 591
632 293
194 768
794 126
551 892
163 519
494 55
557 427
656 900
788 129
871 124
356 131
339 343
88 545
837 860
843 659
181 984
203 816
481 950
706 137
427 424
123 121
731 358
894 790
848 186
192 702
464 691
319 767
839 500
217 29
470 377
403 688
795 882
84 491
53 560
403 545
297 102
914 239
717 762
645 365
499 933
64 134
938 608
729 148
828 216
520 153
169 461
429 771
122 503
811 992
624 93
844 594
739 380
723 867
101 667
602 940
516 508
118 666
784 60
330 442
671 801
180 844
72 845
435 733
591 126
561 447
926 753
448 592
638 191
106 84
680 493
382 505
153 392
760 41
724 972
618 203
233 111
343 727
243 2
309 435
432 241
557 943
722 172
487 772
278 385
579 114
684 277
185 95
650 51
826 791
195 338
893 279
623 114
826 464
595 661
392 238
503 48
316 233
790 922
661 514
366 771
816 629
673 476
360 945
90 326
109 42
557 706
834 73
726 91
530 334
783 128
30 209
787 197
134 684
563 298
910 61
291 687
915 361
84 154
188 317
578 245
173 559
880 501
952 994
541 400
890 50
281 442
840 835
378 782
343 880
89 260
71 289
329 194
865 496
991 336
683 675
575 913
245 94
211 226
737 830
444 356
307 694
155 218
465 684
747 18
909 831
503 952
516 615
166 808
171 990
548 80
589 700
555 533
307 263
279 632
529 901
91 308
431 838
716 912
145 781
556 574
348 268
685 907
68 915
50 642
751 382
898 628
58 137
42 754
643 617
409 545
817 364
973 97
996 705
744 375
356 101
364 536
493 188
595 617
977 247
696 747
323 261
403 248
898 777
242 207
243 602
518 793
1000 447
260 385
27 438
744 932
104 259
378 366
86 151
270 94
190 849
550 177
610 900
900 64
494 555
582 890
942 575
63 73
71 231
900 471
528 558
585 595
574 277
662 820
617 491
62 585
890 86
420 423
628 966
993 327
866 975
393 120
875 167
508 836
131 961
266 632
76 196
698 615
419 90
576 119
144 483
771 798
59 16
193 810
720 133
96 27
97 310
760 242
941 99
432 61
180 939
823 67
510 330
65 848
86 533
614 846
426 422
815 960
842 730
536 417
220 730
6 69
872 281
487 307
534 623
313 89
756 683
859 162
359 937
42 264
711 550
66 5
84 672
565 109
109 97
471 542
366 304
593 284
359 537
77 462
163 51
672 961
806 43
610 936
40 572
776 106
631 2
247 789
857 65
880 430
888 937
597 15
191 754
363 137
992 583
882 615
576 774
23 21
939 756
652 491
139 568
640 823
495 749
683 747
335 404
781 90
838 21
73 157
643 9
274 924
978 648
690 20
822 990
733 402
145 649
609 172
827 853
115 935
488 531
659 908
676 86
42 886
421 957
980 428
858 756
785 586
877 243
438 80
685 49
353 712
727 474
12 477
286 132
56 661
58 111
997 880
62 380
341 764
664 835
138 462
573 781
997 961
413 176
115 400
235 893
317 92
85 616
655 956
807 209
495 357
833 638
683 476
959 123
564 361
855 186
809 518
916 302
594 400
66 105
565 65
489 886
719 651
668 334
856 726
32 40
485 706
752 423
442 955
631 113
467 484
657 884
434 295
143 701
807 628
105 960
416 661
550 72
771 269
238 740
991 494
4 356
334 999
26 476
585 619
960 341
112 179
772 784
370 907
41 249
597 916
28 401
356 806
710 157
435 401
681 425
844 595
708 101
558 801
960 112
852 70
874 410
654 500
625 533
985 920
572 69
866 870
922 52
76 418
304 323
699 330
607 461
75 756
233 332
914 707
846 318
774 555
657 110
633 179
157 555
174 379
768 752
552 327
738 526
831 575
106 484
16 900
133 595
431 786
603 293
430 707
975 156
59 663
333 12
246 791
724 675
894 420
570 9
840 698
534 676
21 351
775 202
35 566
234 610
273 626
831 83
609 598
149 507
528 733
752 662
915 172
54 392
312 87
527 379
252 497
109 408
293 337
26 892
647 562
252 352
75 409
118 281
161 656
754 305
4 58
278 457
887 463
820 388
898 289
825 490
6 378
207 450
467 369
447 19
398 961
636 403
984 52
145 422
734 96
183 746
809 79
296 22
593 800
478 290
395 986
303 829
676 313
490 340
757 178
225 107
961 397
892 875
896 756
560 673
802 278
909 830
407 697
382 56
438 254
679 916
595 425
82 172
803 148
306 420
733 75
71 868
384 294
974 847
496 826
408 172
210 8
102 58
620 963
590 799
993 855
188 567
766 124
343 737
111 937
59 834
978 148
82 353
780 994
555 418
702 200
707 255
569 258
313 60
68 690
622 377
553 790
792 426
25 737
467 864
640 450
753 335
971 400
593 422
631 362
592 61
817 734
15 107
311 960
57 801
366 277
121 318
651 595
433 882
606 754
949 282
740 433
728 473
446 316
910 111
549 661
291 765
633 604
939 493
373 857
650 864
89 402
198 348
387 578
577 101
347 678
781 339
307 500
92 614
221 272
292 352
733 985
995 803
870 701
464 809
16 354
89 684
182 659
438 94
306 151
952 733
168 204
685 409
334 761
357 568
249 935
540 932
571 478
278 747
537 674
59 162
79 47
470 3
546 656
49 456
856 680
396 379
624 324
898 21
3 427
558 59
232 573
297 795
262 295
508 265
201 503
702 785
692 549
779 24
963 327
255 337
648 818
293 836
665 465
333 67
134 124
281 472
337 135
266 12
490 572
924 93
717 477
310 861
132 597
738 792
685 895
320 989
500 635
428 488
176 273
53 526
200 407
772 901
129 909
298 780
29 108
716 746
536 64
789 658
518 48
116 698
529 8
697 717
734 962
518 451
778 276
412 58
394 541
569 105
902 957
155 344
427 479
781 516
90 319
115 487
327 62
165 303
683 814
812 970
563 500
138 745
415 939
491 305
406 931
496 73
468 999
126 735
18 978
330 960
293 220
792 725
117 312
559 209
83 648
601 75
772 195
822 877
749 323
550 444
329 264
437 861
277 552
758 51
649 989
373 95
426 381
409 273
614 557
745 658
525 84
358 239
766 760
126 155
366 746
202 331
775 652
658 582
400 858
222 537
297 742
63 543
31 61
34 499
624 511
823 49
45 821
633 263
304 21
214 520
519 425
854 984
780 987
859 882
916 235
390 246
484 149
816 180
929 352
68 980
87 88
452 331
630 930
794 634
600 773
705 313
876 978
695 398
996 203
133 929
427 140
375 242
454 743
797 75
341 831
747 980
130 856
886 494
574 775
740 107
639 199
635 791
651 522
716 492
601 704
812 543
619 763
549 732
903 521
659 116
317 8
924 16
47 227
855 520
762 213
553 298
471 771
221 684
131 348
579 602
303 58
847 569
683 552
5 716
598 325
382 976
771 413
24 822
921 552
403 769
577 478
393 113
31 989
89 740
108 192
127 100
365 687
259 222
832 12
62 657
467 35
196 675
433 215
589 948
514 203
718 603
700 226
793 768
80 928
137 804
935 884
52 191
439 4
384 347
542 532
138 326
395 125
604 501
935 639
917 464
665 111
82 491
585 384
824 712
732 81
797 8
474 321
515 493
24 400
578 843
704 562
153 300
546 301
675 147
19 85
917 178
665 393
371 872
211 979
90 768
327 557
57 441
114 186
976 801
228 182
659 468
660 123
722 748
204 399
686 723
323 299
38 770
169 945
857 508
289 376
844 206
717 856
338 955
342 231
808 679
809 754
330 149
759 402
136 100
155 256
633 159
809 991
95 122
795 848
541 332
247 815
531 202
990 856
311 562
350 784
414 763
354 19
320 239
969 726
465 887
781 191
832 249
409 344
670 957
912 321
519 924
101 701
972 222
767 72
770 210
37 497
700 23
247 151
135 804
136 926
92 17
145 592
366 674
79 251
300 244
103 193
870 111
785 384
328 245
770 500
662 206
975 445
360 334
618 154
162 356
976 592
225 460
483 672
814 868
104 683
637 287
11 539
716 914
888 235
928 642
218 628
585 269
219 27
167 987
314 381
902 394
264 522
617 124
980 810
272 793
873 455
495 303
446 225
229 255
927 626
910 105
364 538
223 465
29 56
278 84
77 780
351 445
981 854
118 459
597 83
584 527
434 394
18 205
40 557
207 643
905 195
639 652
182 967
792 587
740 257
703 415
121 763
924 88
411 55
434 89
166 335
619 986
776 223
616 414
505 65
35 624
382 921
662 575
754 564
331 461
117 468
580 988
652 449
653 920
526 478
491 269
487 198
363 60
770 916
629 297
819 449
343 903
760 423
248 379
567 916
235 151
515 105
75 558
793 847
850 360
392 976
157 752
340 698
343 741
936 833
222 546
837 15
250 683
549 411
261 707
79 332
318 908
963 441
598 952
712 887
305 263
580 399
495 252
101 783
484 355
176 52
525 157
720 561
777 526
150 536
264 599
964 164
551 964
827 356
976 858
158 228
794 615
580 84
328 685
124 237
715 371
780 741
965 325
353 243
381 440
399 9
238 35
6 471
829 964
960 797
557 469
66 400
963 898
837 869
347 505
20 449
777 202
273 571
190 17
677 609
664 340
648 889
670 430
138 519
947 807
964 655
877 90
324 878
925 158
976 309
540 942
83 941
910 72
877 235
951 868
682 491
445 415
641 977
431 220
403 73
39 555
207 389
64 189
639 390
644 946
826 957
652 485
320 70
218 813
476 345
776 473
588 277
944 939
371 418
26 11
209 279
755 584
681 365
6 584
391 134
49 491
214 960
953 685
970 885
662 7
187 101
851 202
101 471
802 922
909 982
125 305
813 122
233 112
396 638
628 15
266 94
786 732
858 532
768 820
896 249
510 503
116 842
496 665
392 520
889 718
449 553
713 408
988 774
612 746
59 762
393 930
184 908
142 743
34 948
841 572
220 559
521 446
377 808
11 460
233 716
159 537
406 795
872 869
378 450
52 60
806 280
111 420
848 46
639 870
575 389
694 621
75 511
256 563
912 666
179 429
576 727
61 913
530 248
668 326
458 175
919 302
765 631
134 854
912 440
288 354
878 587
292 298
455 270
347 897
649 879
1 744
771 412
386 930
376 266
265 999
451 728
468 218
770 860
308 899
663 11
645 524
871 356
982 967
439 472
481 194
483 888
180 979
486 93
956 713
27 579
790 101
224 172
723 66
979 44
102 141
733 101
757 367
742 509
84 767
732 163
970 760
543 141
14 363
897 3
736 21
318 202
542 823
747 631
147 461
998 260
984 231
760 110
242 964
730 279
373 837
229 218
525 797
259 401
190 735
436 932
928 842
940 276
401 468
219 333
230 913
833 457
602 134
855 856
930 369
299 907
553 986
731 937
223 146
961 301
565 163
560 224
792 449
242 392
170 445
173 778
105 640
277 796
938 934
100 909
357 86
244 524
506 100
195 135
311 525
627 948
810 380
683 902
139 868
536 740
832 331
316 84
616 562
853 427
620 490
452 628
969 678
364 296
331 220
294 519
689 551
157 969
302 18
704 36
230 272
123 928
71 576
878 816
790 150
577 731
117 130
11 797
851 592
609 234
700 135
641 191
41 518
7 361
227 815
780 47
379 788
196 422
823 851
608 814
382 393
989 255
21 189
295 562
63 598
745 395
884 122
208 491
794 366
758 599
279 746
950 388
926 355
710 714
684 433
214 309
79 393
798 185
341 690
488 154
585 268
180 752
167 986
884 280
685 793
264 523
820 512
347 254
849 16
674 93
380 126
773 263
263 613
32 261
431 647
307 909
414 979
114 385
152 670
228 393
394 615
33 173
252 279
824 144
952 69
75 310
473 267
43 788
209 556
993 765
74 132
825 298
916 599
39 288
298 362
730 361
60 893
800 87
982 323
285 529
17 403
202 145
221 659
611 55
151 200
983 414
338 593
305 664
64 426
516 2
754 565
540 152
209 1000
88 199
1 720
53 791
351 671
959 74
641 992
309 786
191 724
3 143
975 205
746 647
880 852
527 672
953 807
461 712
758 870
789 748
840 431
294 186
148 502
790 45
371 231
667 978
361 477
72 136
589 605
182 221
520 656
405 114
262 293
375 676
231 640
257 443
663 759
589 830
874 382
730 580
437 178
2 657
974 75
154 596
984 795
534 755
917 233
337 919
673 861
91 160
826 181
786 895
977 208
90 27
109 461
240 388
82 903
180 8
972 92
901 104
891 84
268 603
274 68
665 813
668 148
282 587
94 413
672 223
781 403
235 665
786 43
648 88
874 880
857 70
400 257
957 35
207 388
500 434
433 463
876 53
786 461
718 816
919 235
151 93
468 199
218 810
520 880
406 117
211 159
50 35
144 36
37 295
365 858
885 35
191 484
444 303
842 214
499 265
483 870
437 633
837 81
131 732
794 388
447 702
180 795
913 530
475 231
225 410
822 457
181 511
897 38
598 140
720 542
617 938
52 499
498 9
238 482
29 989
945 764
829 886
519 222
557 423
427 142
567 336
46 852
358 922
63 435
505 249
164 858
91 938
19 57
347 452
957 857
204 830
172 745
213 499
108 751
915 115
882 962
587 283
346 647
921 867
955 995
117 760
954 36
445 49
908 687
922 639
740 730
688 885
54 247
916 877
241 574
706 740
821 680
990 17
258 246
810 443
710 144
36 935
541 682
675 712
748 498
287 246
572 64
480 168
942 54
598 660
379 922
698 538
827 882
884 833
885 168
67 553
28 801
983 527
639 407
447 527
96 499
386 487
44 271
36 528
16 872
76 696
232 390
429 340
430 599
349 541
300 455
571 757
67 468
238 271
833 829
81 48
500 526
637 91
837 649
897 300
510 611
355 702
837 538
270 437
143 169
366 34
278 863
708 777
930 169
160 815
488 492
95 576
848 124
63 471
394 576
99 645
569 54
899 741
388 102
407 458
218 319
919 623
80 308
616 134
705 623
925 314
229 669
450 858
145 232
199 53
274 396
661 736
616 277
839 676
657 853
752 341
494 642
208 551
248 532
856 467
909 375
35 598
106 794
187 627
10 920
562 349
709 538
933 450
294 516
870 615
946 79
14 647
92 675
553 217
560 725
903 639
465 535
899 485
876 291
328 281
771 153
263 689
46 391
448 914
148 467
40 316
828 333
331 879
172 297
248 63
619 464
343 688
552 407
612 879
258 286
831 719
245 670
400 967
768 735
788 658
861 292
543 104
489 469
399 480
291 299
257 463
775 5
245 944
391 892
251 575
237 512
832 986
208 266
209 103
561 778
659 389
181 201
238 410
150 860
752 806
218 78
593 10
891 365
233 651
372 914
590 329
829 559
351 447
856 627
952 70
290 565
792 431
820 69
714 704
172 679
539 555
668 177
338 812
356 421
229 689
485 775
472 154
695 948
557 947
706 495
374 1
669 932
627 915
956 875
407 738
431 171
491 116
898 131
619 880
325 638
675 930
606 142
37 177
809 168
149 599
957 480
170 978
487 81
514 367
80 919
774 837
496 748
723 799
358 198
535 116
500 19
983 582
784 120
226 981
399 689
914 759
555 967
130 134
331 779
560 991
985 61
49 94
785 610
680 328
55 64
186 145
817 81
329 545
158 859
250 792
470 601
20 792
958 738
940 921
278 592
906 793
689 415
927 173
489 433
417 316
823 972
402 552
205 437
271 583
928 672
697 873
471 470
510 552
702 630
546 194
215 208
45 315
328 687
295 21
600 987
812 272
156 364
947 523
803 403
381 551
27 505
753 249
274 50
939 300
678 907
863 389
759 84
695 252
392 183
800 5
387 46
123 446
531 151
829 390
776 110
529 684
728 295
397 26
883 965
772 250
22 905
248 588
400 145
402 606
485 395
593 988
36 908
416 750
296 977
188 199
796 902
925 806
965 777
987 833
177 759
775 632
355 578
615 889
581 313
653 156
359 191
257 843
240 525
103 186
344 539
715 572
972 694
468 149
745 433
121 495
598 875
288 994
609 386
764 746
339 401
234 217
471 148
76 740
681 926
8 796
933 550
525 533
72 387
839 861
682 708
383 841
224 718
704 600
599 777
695 282
220 698
892 727
741 456
779 231
640 120
622 325
948 545
91 421
928 617
834 813
301 744
750 489
175 270
557 567
854 411
403 876
863 360
406 635
526 856
798 733
14 108
368 468
995 49
209 644
433 520
945 635
843 69
826 893
296 256
761 460
359 87
247 380
856 504
160 319
505 127
354 546
311 457
205 838
425 862
559 103
121 79
374 363
729 264
362 291
967 258
145 335
511 134
207 953
931 853
130 44
791 161
260 703
615 925
177 207
895 509
691 964
975 53
561 289
780 5
452 982
804 131
698 906
989 153
339 316
935 632
646 757
719 929
512 434
109 423
784 366
966 634
535 847
348 293
920 350
314 245
997 912
944 100
85 822
380 886
896 199
402 624
96 293
225 647
823 677
510 608
243 295
371 794
781 901
727 73
910 603
656 598
731 10
750 282
631 493
333 362
817 549
341 879
747 804
606 805
694 813
436 85
589 57
989 895
6 291
285 888
927 697
841 14
21 942
830 396
32 228
778 299
730 224
52 20
757 713
542 717
692 36
360 965
235 723
278 672
942 548
139 777
601 230
199 965
365 477
281 199
338 619
670 646
269 23
752 165
753 892
455 748
739 417
122 837
890 63
454 811
892 641
457 408
875 795
118 985
447 829
781 13
340 451
378 890
586 423
235 31
788 863
519 921
705 275
961 905
639 190
36 43
454 334
420 948
978 332
373 310
610 285
823 340
581 130
951 176
280 905
515 300
409 921
693 745
894 42
508 481
825 545
142 244
543 107
233 78
824 743
487 577
628 65
974 109
79 395
137 688
542 906
257 436
974 524
449 969
591 492
603 434
704 475
826 159
497 803
831 130
262 891
693 173
161 116
261 639
134 321
872 448
891 364
268 851
450 106
952 472
204 61
170 125
794 851
100 254
617 300
32 374
358 818
146 386
240 489
792 432
665 934
498 945
543 973
530 284
164 738
455 29
38 15
260 29
27 314
523 657
563 412
636 254
786 197
695 951
157 297
988 888
127 330
313 734
243 925
407 65
912 386
415 751
566 819
326 52
279 102
567 755
930 966
5 560
292 499
628 626
793 675
83 447
31 807
306 354
257 878
538 137
232 658
840 465
219 956
516 576
987 48
496 971
353 822
294 765
779 318
563 743
33 944
414 343
182 211
2 845
955 81
84 561
110 561
920 359
600 527
876 708
290 35
935 657
440 379
498 17
786 722
660 79
766 550
185 41
831 166
105 258
509 608
589 983
76 979
251 937
233 614
911 239
20 460
126 918
293 277
352 270
254 319
152 619
851 939
122 793
271 354
75 421
131 471
424 363
752 271
916 996
479 284
912 607
485 907
363 255
861 532
199 909
94 643
619 974
106 535
217 342
182 704
18 865
458 104
499 655
692 929
895 250
217 455
515 936
459 526
537 757
732 517
126 268
3 237
991 548
499 666
616 810
33 882
50 176
700 218
258 421
112 419
671 843
853 564
514 146
811 700
119 867
260 507
175 649
34 271
497 687
409 849
836 168
849 291
281 271
375 571
67 506
840 58
513 244
657 845
440 680
370 153
890 928
427 994
263 376
46 632
566 115
470 836
807 383
404 434
479 926
134 239
651 979
48 364
546 231
730 888
342 386
987 91
258 779
877 648
697 226
664 405
645 21
39 388
393 274
69 833
14 194
679 244
352 859
759 394
47 894
911 993
700 596
493 818
42 154
26 519
320 360
329 462
455 378
460 524
501 200
30 778
397 61
255 473
929 768
83 680
688 966
411 353
729 158
69 389
752 9
628 916
596 362
562 262
374 360
965 859
123 552
417 861
681 428
459 554
995 716
118 877
84 949
264 220
819 413
319 468
206 448
356 418
901 234
637 932
140 982
861 60
310 290
644 582
168 279
383 424
797 852
390 650
379 781
906 764
120 95
620 980
344 494
128 852
861 478
723 421
699 285
489 511
971 943
128 195
24 404
499 178
361 181
366 198
543 835
189 30
551 905
574 634
519 175
613 208
172 794
798 98
53 41
402 787
955 581
893 273
604 932
398 287
493 99
150 912
172 568
377 954
963 863
655 189
218 138
592 115
789 583
647 553
714 682
289 493
222 349
481 581
951 997
393 415
322 367
126 825
877 31
532 398
517 94
49 906
32 184
566 677
364 5
131 188
995 957
981 147
982 661
126 539
311 447
22 950
743 408
389 653
585 522
809 178
919 45
170 911
447 909
373 920
123 933
987 648
866 85
131 888
225 117
79 86
120 925
867 994
568 901
309 989
736 359
737 18
991 909
885 138
965 226
223 904
372 226
840 148
736 69
935 543
132 856
560 787
599 722
926 358
344 887
275 688
628 66
205 399
423 472
29 865
30 202
841 671
309 401
834 624
651 906
410 788
938 419
937 873
129 932
622 563
561 676
119 367
506 592
591 525
137 482
215 809
735 438
312 120
57 804
574 963
647 525
669 236
14 612
301 338
331 18
169 179
509 500
355 152
783 226
256 877
757 605
73 35
304 885
486 589
787 852
740 668
675 983
40 222
296 104
4 313
47 389
511 123
87 900
994 242
135 614
83 465
909 123
16 502
144 59
629 422
689 977
227 622
690 106
475 752
650 972
813 368
542 694
873 994
267 404
984 674
408 116
35 176
589 713
185 663
917 306
339 262
440 943
438 78
63 631
283 863
858 653
732 102
823 89
358 789
559 963
735 534
894 470
107 512
181 265
935 656
548 811
920 151
780 899
450 314
323 56
234 389
692 500
699 821
737 506
64 844
341 964
566 7
676 579
404 270
576 410
100 445
823 180
414 931
843 543
89 892
650 245
834 886
561 534
377 897
428 523
503 65
323 487
113 911
739 943
665 528
302 754
282 692
66 31
553 535
56 25
113 24
898 918
186 932
268 598
70 590
696 105
324 874
553 672
790 823
95 41
285 577
18 956
134 878
619 560
909 300
780 230
9 528
946 307
71 832
779 341
890 116
122 474
322 744
586 365
179 785
252 873
236 294
978 755
903 83
658 929
515 339
951 292
423 711
318 951
283 620
175 426
982 814
325 505
352 73
626 643
338 116
451 431
287 61
549 298
846 415
382 117
20 728
666 86
44 294
997 664
418 943
79 300
393 635
230 136
859 728
515 500
935 551
311 716
225 520
23 693
944 122
492 886
538 686
232 331
881 610
742 785
7 105
772 79
847 917
698 411
517 933
848 260
461 271
155 620
1000 223
454 728
400 590
741 168
156 370
322 102
307 966
345 191
364 749
52 792
742 706
781 722
696 918
659 10
971 300
682 169
810 98
243 904
755 945
263 844
359 571
787 531
467 490
229 759
657 878
821 915
807 736
407 246
411 243
531 290
264 296
199 880
187 616
448 5
616 474
619 941
925 998
415 680
382 981
933 43
832 146
31 984
607 277
184 661
118 866
340 280
508 650
969 488
370 871
421 633
679 610
802 728
929 452
987 732
654 932
590 619
387 566
742 358
158 759
487 377
552 446
515 306
660 927
292 889
296 636
280 865
908 419
547 229
864 111
918 780
116 148
945 930
693 516
286 234
909 353
845 841
812 150
745 849
928 891
341 666
358 712
539 983
75 986
129 814
811 982
911 403
548 511
452 404
163 603
256 215
366 182
574 635
81 70
501 800
172 795
891 469
746 432
200 468
670 185
802 465
96 756
613 945
872 117
934 969
358 788
696 963
554 289
55 876
169 965
423 968
853 716
473 127
330 720
312 955
811 291
564 105
71 107
330 803
919 473
950 412
759 30
863 108
687 978
389 635
468 36
565 498
771 367
649 911
615 588
83 327
299 770
316 752
550 505
364 292
41 223
169 274
835 997
839 789
988 497
36 966
273 508
936 76
477 116
685 431
482 938
578 312
753 557
223 175
679 914
371 271
358 59
819 567
310 328
774 521
245 667
301 217
819 932
685 115
922 423
63 931
673 619
466 811
323 974
513 130
861 338
419 483
884 245
766 241
548 601
993 587
150 736
730 654
547 844
824 455
785 967
516 597
753 496
592 818
275 510
288 890
613 68
150 962
445 946
483 355
428 882
503 124
326 998
994 621
959 185
119 140
803 901
403 275
575 105
687 547
137 195
195 597
398 26
915 428
221 973
352 772
251 212
479 405
346 634
700 541
539 409
499 836
192 876
246 467
377 288
140 452
69 570
565 421
161 551
491 472
18 1000
383 222
627 916
848 935
867 133
722 896
616 387
965 752
190 908
948 450
420 187
946 534
27 971
339 973
6 926
288 541
364 264
775 91
720 760
145 277
553 144
830 708
45 884
249 187
656 167
801 962
589 887
221 83
757 1
814 56
192 327
525 443
110 725
738 522
327 854
813 384
814 939
374 994
250 692
291 490
77 389
701 587
371 152
836 182
124 608
751 453
897 990
737 287
738 551
243 82
711 987
140 588
141 741
716 947
772 877
796 17
912 54
368 912
24 124
152 433
580 81
138 204
945 724
855 73
379 368
649 235
864 996
829 878
126 563
673 194
55 950
449 935
976 125
7 563
912 917
128 167
358 845
929 509
470 395
237 148
990 594
389 255
372 419
154 538
255 624
535 898
78 751
669 984
213 76
70 591
90 313
863 390
761 580
711 56
917 148
604 22
290 822
317 111
729 163
491 452
293 793
666 608
658 252
420 223
683 595
580 829
616 526
987 981
250 163
883 740
826 53
502 486
435 555
562 66
842 757
850 847
738 259
689 765
275 332
379 867
659 917
434 672
135 365
721 572
386 287
461 889
997 647
545 625
642 614
770 441
112 729
884 15
670 735
307 760
290 210
428 470
907 65
505 493
987 191
440 682
292 651
332 968
268 405
102 806
453 664
845 134
223 436
132 567
498 51
760 866
815 850
732 280
12 460
885 839
920 914
501 737
104 21
450 33
643 978
55 922
596 978
632 523
100 33
925 48
30 332
113 938
204 71
427 150
327 395
701 410
308 214
887 115
206 418
428 782
659 122
520 468
973 614
242 496
649 176
118 167
198 855
344 96
346 562
978 803
961 23
563 327
446 585
985 651
916 873
424 103
761 322
68 745
192 963
834 398
538 326
467 879
829 137
335 448
482 788
943 129
382 163
876 164
75 911
848 653
460 835
84 951
636 740
675 716
303 663
931 854
572 92
993 497
780 433
982 843
275 843
850 551
225 216
776 728
63 680
232 748
214 844
949 663
344 762
220 85
304 88
197 803
145 904
131 589
940 973
45 239
34 128
79 432
232 281
530 992
103 526
305 467
312 401
93 532
205 122
777 585
480 583
64 774
945 643
626 968
422 709
388 957
523 170
981 602
466 761
621 579
731 15
682 985
973 198
686 74
717 457
773 191
423 890
924 829
962 232
33 132
652 919
65 235
962 27
416 123
414 666
329 654
240 351
477 542
80 296
687 767
400 431
454 886
75 111
578 569
633 585
688 646
801 505
839 97
731 632
553 264
570 694
701 128
539 301
705 69
216 54
352 566
919 190
335 311
374 475
191 819
365 764
205 871
5 955
905 613
157 964
122 275
748 67
676 288
607 758
487 446
70 226
736 394
495 168
596 110
210 993
266 991
999 35
452 934
110 830
435 656
228 653
317 716
28 769
233 273
128 899
510 199
101 490
998 104
67 662
414 393
371 93
188 718
337 157
361 6
966 613
953 458
776 446
963 225
875 541
755 67
223 569
869 247
674 487
893 209
519 141
225 785
501 808
651 797
413 482
711 994
324 707
703 961
760 521
13 653
731 408
604 906
833 424
831 109
635 868
48 532
583 764
234 867
212 642
19 226
807 837
994 332
612 227
852 594
448 360
902 746
545 815
179 25
640 517
593 637
365 446
352 611
722 897
563 191
415 722
878 516
438 657
511 101
826 931
120 622
344 886
753 750
79 790
316 484
567 637
439 494
409 175
410 144
893 623
969 423
309 910
165 682
908 6
162 672
14 897
837 568
905 972
709 62
305 168
987 436
720 777
827 47
993 795
814 795
31 471
659 854
128 798
550 817
699 105
573 624
996 573
499 255
797 572
964 19
656 356
57 281
521 682
3 735
390 13
484 248
251 735
379 386
293 990
845 225
620 770
379 371
162 215
105 263
329 923
241 199
648 513
886 657
209 353
686 781
693 63
176 533
310 737
204 92
997 361
692 505
108 640
661 578
833 293
396 10
621 446
269 489
179 938
272 120
961 409
143 673
695 916
312 739
718 765
246 60
728 299
394 969
861 529
623 630
649 885
899 253
931 556
330 173
919 87
26 226
852 42
474 816
255 161
774 805
740 871
544 639
748 282
679 964
258 416
426 846
158 665
15 816
555 807
577 567
528 93
837 493
89 845
715 897
187 232
245 594
362 798
555 709
600 750
803 435
457 755
156 135
215 721
85 295
546 371
17 871
567 299
492 647
902 774
612 656
997 90
379 287
895 444
7 897
446 163
375 203
327 430
590 282
424 925
838 880
548 778
74 965
4 808
331 773
47 906
344 323
363 545
956 602
518 305
392 939
743 770
209 623
874 959
195 556
324 840
866 331
260 208
49 867
265 702
714 940
696 246
550 241
511 991
683 912
463 920
725 117
921 640
615 554
258 502
304 172
69 386
308 538
130 262
575 612
83 282
143 968
738 194
829 249
305 901
71 602
408 442
818 253
748 382
549 379
788 933
876 593
314 812
880 314
297 698
137 813
889 176
619 491
987 591
418 862
280 867
832 848
429 318
788 763
721 680
940 974
319 275
141 731
21 389
59 830
106 507
889 515
486 403
660 300
453 746
555 446
132 645
634 809
983 78
841 625
346 177
441 99
266 350
432 938
252 43
489 687
327 699
328 747
973 197
665 684
460 24
150 804
48 666
103 892
492 393
40 832
276 201
964 559
75 256
515 647
228 354
599 365
982 95
507 189
184 136
581 229
378 897
919 618
577 773
227 42
561 184
75 110
627 525
518 684
151 845
92 951
164 424
386 894
725 9
216 55
44 789
338 502
782 883
490 717
507 761
199 743
330 146
46 174
726 540
836 815
823 434
329 90
701 978
116 310
408 615
376 411
862 351
437 40
758 796
409 67
762 339
475 462
576 403
387 532
262 416
235 462
71 860
258 283
465 325
282 145
662 176
443 394
797 599
263 159
836 227
90 973
676 884
457 394
371 988
614 40
923 821
176 158
187 449
493 401
186 331
668 859
324 701
287 587
552 984
786 637
952 365
6 368
337 847
117 1000
890 887
172 543
319 856
892 142
12 944
930 431
313 142
916 750
440 159
976 186
673 503
53 349
679 185
560 441
761 686
814 148
66 216
515 517
218 399
442 891
400 176
668 61
249 371
178 785
89 410
970 309
592 271
667 511
939 626
615 541
130 76
51 82
22 849
460 678
905 567
65 306
446 913
984 24
527 904
269 904
204 675
226 359
871 341
658 952
879 830
992 914
670 248
589 839
656 153
474 972
861 240
419 69
224 251
637 617
124 924
322 980
107 342
474 639
400 886
844 881
842 171
524 119
267 486
434 525
988 100
1 150
202 561
955 85
63 624
524 198
12 306
489 43
704 450
483 709
237 590
418 104
275 845
900 329
355 543
82 317
512 128
263 272
510 557
936 644
663 979
851 627
91 917
147 376
350 657
74 437
647 319
635 549
797 462
852 466
507 406
90 114
682 926
720 229
904 492
741 177
542 418
32 295
30 342
893 470
492 465
954 586
298 22
616 37
302 694
485 580
622 37
338 48
77 698
705 881
243 686
119 3
47 870
484 652
469 48
455 509
448 373
915 315
166 195
403 527
460 484
78 911
821 557
855 78
50 507
838 352
754 867
809 126
999 823
925 944
912 369
394 698
61 330
563 952
196 695
658 924
572 186
350 214
631 601
586 74
509 265
606 905
183 968
633 256
719 170
311 647
794 31
524 900
232 754
697 637
269 543
696 59
384 375
357 128
597 571
768 749
447 922
516 695
370 435
41 721
405 144
2 746
764 598
803 434
287 749
181 362
347 30
756 498
258 997
831 480
525 609
547 953
452 435
799 857
665 294
150 686
873 203
905 989
860 455
368 525
252 119
270 338
237 229
306 692
699 560
848 406
481 851
869 480
673 93
86 561
380 275
203 810
857 83
481 972
333 675
65 781
194 427
985 332
821 254
15 171
678 857
420 569
683 245
39 512
890 467
138 546
782 203
60 503
812 934
961 100
804 534
553 274
203 409
938 860
297 108
540 56
958 283
193 131
813 904
178 217
491 418
700 694
281 437
305 730
397 138
291 923
956 927
719 706
852 216
88 133
107 99
878 940
210 872
11 665
491 849
753 518
217 349
429 27
759 620
253 951
609 199
576 392
541 966
529 774
475 274
974 888
812 694
180 965
163 604
626 661
720 722
352 182
941 418
637 371
511 313
729 888
141 983
722 19
832 639
262 118
505 777
159 266
711 740
347 122
955 379
59 686
172 135
466 612
158 182
436 828
953 142
113 665
591 611
326 152
