838 2601
595 612
441 280
779 573
229 409
690 669
246 98
410 219
585 207
680 213
113 513
383 785
313 813
409 430
748 55
235 467
184 574
295 565
353 217
23 522
266 752
618 365
126 502
473 314
239 701
461 595
320 643
28 614
412 280
431 44
454 562
682 214
422 476
260 271
297 515
628 359
154 617
48 476
730 520
88 440
344 237
642 409
623 681
59 9
579 293
545 611
584 514
587 798
94 375
39 551
385 689
248 504
68 693
81 680
44 129
45 216
247 497
488 694
660 331
255 273
646 183
387 51
117 336
703 505
379 483
590 496
715 436
760 224
834 81
249 503
265 781
32 91
531 115
606 469
182 123
627 423
314 758
331 572
762 831
762 232
836 535
216 151
180 584
629 120
293 629
443 55
82 342
193 684
213 315
693 406
128 77
435 292
348 566
705 198
800 7
463 242
358 49
451 337
306 596
154 692
642 583
811 267
136 1
600 91
598 506
286 744
642 141
787 665
39 689
6 812
566 403
462 599
450 442
343 638
133 679
647 760
297 315
211 765
666 691
656 563
707 664
330 79
775 495
263 437
451 771
586 775
622 516
109 4
327 173
78 332
695 455
239 140
131 271
799 403
713 361
825 90
185 653
231 117
705 764
689 527
111 482
570 625
40 726
350 306
332 421
28 293
380 139
720 675
205 293
133 536
23 233
263 592
731 607
37 413
537 355
279 432
797 29
34 747
610 247
79 308
738 493
317 750
449 390
710 186
822 373
107 813
650 103
228 562
351 313
599 503
767 396
165 181
37 832
149 134
425 531
28 600
127 359
702 430
560 637
444 67
320 620
768 601
447 502
50 454
734 420
663 295
640 153
161 749
440 495
245 581
387 341
433 749
436 558
272 455
276 407
9 207
88 506
608 753
662 455
280 652
372 495
28 281
35 162
476 16
294 43
25 120
136 85
492 550
732 270
188 584
43 646
279 223
212 204
33 121
713 719
644 132
257 398
518 32
759 809
225 498
538 638
513 253
696 331
702 300
636 5
372 57
433 448
678 821
204 164
134 571
636 620
654 375
492 37
680 291
369 219
189 542
267 544
454 183
91 747
517 411
180 569
76 634
593 491
576 429
692 574
796 245
706 800
85 644
711 415
34 66
295 610
99 463
742 457
685 504
693 699
590 813
254 738
243 505
696 234
164 93
539 769
709 487
381 129
438 722
616 464
713 77
345 624
254 594
346 219
627 701
332 653
739 490
354 766
743 466
800 162
753 119
437 620
65 85
191 102
308 820
22 549
424 113
316 271
445 418
48 591
151 581
426 395
135 289
301 569
233 328
513 398
35 523
509 139
477 567
90 175
98 606
153 837
355 769
249 441
329 553
394 792
16 59
472 808
734 799
273 89
773 796
522 438
690 576
413 338
465 476
732 459
210 583
305 729
406 679
492 759
54 362
574 589
424 676
212 653
321 505
102 678
782 211
712 246
513 304
435 36
231 366
278 713
97 517
704 389
781 798
105 467
364 21
698 280
376 100
340 356
760 487
558 158
316 285
338 632
616 779
29 671
630 470
721 246
443 130
293 377
758 797
522 570
278 816
393 400
86 818
290 335
626 488
365 340
383 565
405 622
134 356
418 491
826 777
556 248
560 251
795 305
446 37
310 318
511 491
318 227
156 695
51 292
348 687
349 130
319 543
784 204
732 178
56 445
624 374
499 730
762 803
462 632
729 832
606 368
697 692
96 648
479 704
685 406
255 565
832 672
598 45
695 536
418 532
183 195
756 764
667 542
282 71
599 6
448 636
527 144
713 637
252 403
720 592
771 620
462 313
317 585
817 673
712 457
685 379
253 396
678 738
276 626
498 501
688 13
156 645
177 520
187 818
738 446
168 659
670 465
196 633
7 370
348 812
316 434
581 617
605 649
92 297
82 17
66 34
394 637
770 90
661 110
700 338
178 376
811 388
262 572
29 788
52 78
39 298
806 8
274 578
77 366
703 526
544 562
620 255
323 265
78 293
255 595
510 98
348 438
478 732
45 39
545 201
105 722
417 11
817 459
121 467
561 457
817 490
606 477
326 222
608 465
402 317
663 53
723 333
262 187
193 523
585 710
584 346
87 377
236 34
662 312
665 452
83 753
335 512
564 299
68 304
496 296
433 644
129 775
646 305
263 436
105 128
806 171
555 290
497 353
412 462
272 14
577 194
320 736
66 412
303 721
452 783
89 595
826 73
3 722
260 825
730 38
196 193
170 365
272 300
552 569
351 50
118 475
816 515
690 334
802 628
402 723
136 48
307 626
665 37
576 211
81 651
61 405
64 386
657 728
711 112
721 765
796 293
813 783
378 634
771 779
630 526
370 199
188 66
171 506
372 92
356 451
47 393
287 414
181 664
701 465
336 74
228 563
49 285
266 365
485 359
621 90
783 255
145 191
661 356
777 676
504 576
180 410
1 792
124 540
827 660
223 649
811 72
477 234
409 499
82 315
414 305
549 314
493 371
681 837
460 265
687 113
593 222
483 306
87 172
760 115
688 261
66 489
191 617
468 415
87 285
586 531
765 405
426 183
426 818
33 286
399 652
538 20
224 687
426 746
811 325
587 375
1 230
55 538
502 629
106 389
345 318
736 116
95 89
218 830
343 538
438 383
187 80
472 806
37 205
684 709
633 155
689 542
498 601
137 418
66 766
86 304
270 781
172 614
366 495
757 517
152 236
812 765
779 57
837 259
414 108
660 268
700 683
239 25
392 95
799 268
432 502
380 398
419 519
445 539
514 466
642 200
386 532
665 716
424 148
670 528
529 247
711 188
583 822
8 237
580 710
265 79
387 4
485 492
167 734
431 60
501 518
229 684
163 111
291 34
50 46
38 199
519 762
282 246
180 295
426 163
318 493
232 409
567 31
91 760
75 223
664 411
538 342
665 582
118 155
287 266
427 533
143 115
42 553
625 50
547 365
72 694
496 303
420 571
610 170
495 668
349 353
102 684
469 525
346 82
241 709
828 753
451 619
697 237
309 260
732 298
172 585
798 344
285 315
171 624
40 695
59 239
574 329
137 809
564 234
525 85
177 739
435 800
838 477
783 185
624 73
199 507
57 38
681 617
756 43
137 795
225 421
596 231
11 501
584 305
508 332
311 569
791 755
261 101
283 24
285 308
584 640
487 270
180 75
352 549
579 304
544 766
85 679
429 426
103 610
287 449
181 244
648 780
559 672
391 569
765 502
583 147
198 793
490 366
338 97
166 140
116 528
193 226
655 504
198 680
594 576
740 781
797 44
286 126
623 238
112 530
116 506
336 491
567 373
193 268
201 348
24 707
243 300
454 709
598 620
249 21
672 459
43 5
83 615
619 259
689 442
200 147
498 339
496 601
796 614
11 173
30 219
68 500
795 524
207 383
317 320
102 761
31 120
416 458
785 396
587 245
643 167
187 828
538 76
829 703
443 256
463 603
506 577
305 231
678 513
128 824
792 132
352 273
557 49
457 187
317 34
304 404
231 758
490 483
510 443
807 643
222 97
136 332
320 249
311 437
57 718
117 764
235 458
128 501
737 140
332 672
645 454
544 370
784 315
381 109
551 337
37 278
256 670
441 296
149 103
575 128
208 50
390 590
743 372
451 131
306 377
832 300
775 4
433 202
710 461
565 11
548 386
219 708
57 796
669 434
634 660
67 525
33 464
589 688
296 8
633 801
778 26
124 6
144 519
46 728
69 563
267 608
76 555
402 338
374 611
585 224
14 434
734 462
771 791
364 234
773 39
475 329
285 51
361 98
418 574
510 790
829 353
371 57
299 507
14 520
497 6
722 569
389 593
28 311
503 232
568 356
402 582
521 516
457 765
82 149
47 506
748 540
19 230
336 93
464 31
636 674
68 684
658 499
272 15
806 59
801 454
171 787
25 188
669 198
178 780
306 687
165 18
432 802
261 814
525 445
323 765
431 179
90 390
97 825
371 233
724 374
724 803
319 4
243 381
397 261
182 211
518 759
668 128
305 260
786 618
109 140
588 620
350 142
351 686
742 10
262 767
718 548
756 591
463 401
352 783
253 424
290 402
807 23
561 354
361 583
494 29
744 344
122 724
601 164
393 431
716 742
825 523
260 153
25 705
724 520
503 397
361 230
475 545
735 146
175 522
126 252
93 496
814 258
67 750
799 161
106 8
179 338
515 374
368 425
410 362
834 705
357 718
691 303
711 645
506 43
351 266
740 288
191 221
529 329
252 477
401 395
75 726
721 194
479 214
616 40
725 650
815 71
233 338
642 68
533 88
610 304
739 802
370 246
394 326
142 536
524 445
560 409
28 76
693 728
69 195
608 539
808 504
132 808
173 730
542 424
582 468
75 373
42 667
150 265
98 123
139 679
655 525
713 815
751 180
579 818
484 694
657 55
785 589
79 33
536 42
521 77
672 660
180 449
739 9
703 600
501 651
63 436
412 236
233 6
129 195
39 399
388 584
191 336
698 789
584 63
545 753
699 52
794 397
185 481
304 620
153 570
364 352
590 228
349 212
386 94
230 377
765 322
713 164
368 45
19 355
61 433
600 754
582 125
324 466
599 769
321 488
182 503
362 406
41 251
791 368
745 418
293 107
323 171
145 341
666 273
522 119
408 246
377 311
708 321
487 99
290 659
404 682
392 682
653 134
529 707
89 462
786 412
625 140
220 173
683 89
352 93
649 473
478 525
753 361
836 45
801 569
159 425
678 225
334 539
575 635
154 389
104 573
51 653
697 310
177 232
277 782
259 271
369 643
283 149
543 787
819 314
162 436
418 609
647 223
67 647
266 836
433 401
622 182
18 813
183 613
38 296
631 316
599 791
231 141
397 135
827 574
112 628
781 598
587 267
458 688
518 768
575 314
676 152
52 805
400 462
608 99
383 320
111 335
186 57
63 797
796 529
274 241
662 78
517 270
563 192
240 693
778 688
673 795
6 251
516 345
528 263
460 293
89 619
386 213
336 162
543 12
710 631
130 824
196 704
828 441
431 450
100 529
491 34
432 116
738 97
618 76
443 266
484 600
358 556
813 372
781 160
148 301
629 505
271 673
146 208
709 616
603 47
318 797
486 560
682 683
702 793
572 523
724 702
17 214
511 665
534 587
722 299
262 325
266 767
157 124
273 615
370 827
721 97
387 190
833 559
188 565
741 783
104 470
204 250
30 297
204 8
811 112
693 385
802 341
472 421
6 64
241 21
791 309
649 510
544 260
319 227
29 324
693 306
490 130
10 429
139 636
250 770
256 298
460 10
667 745
653 640
587 388
471 650
477 820
777 351
499 101
75 652
832 348
542 161
781 738
786 261
744 818
581 598
711 683
233 760
595 53
107 652
550 176
109 747
621 392
462 595
329 413
185 494
539 318
481 330
797 708
597 679
177 228
257 281
305 498
586 581
685 324
280 144
445 149
585 112
125 653
648 667
439 664
635 64
211 306
33 534
719 351
670 360
761 775
194 204
292 608
170 101
154 577
356 328
747 255
766 297
610 306
570 73
532 640
419 40
331 488
189 312
579 285
45 30
158 711
624 771
344 681
605 383
807 362
9 278
747 285
271 391
679 266
111 265
760 427
206 567
123 833
7 132
743 243
342 166
201 152
720 18
591 817
67 739
589 229
662 238
574 523
385 549
521 80
408 728
210 668
711 662
604 441
570 377
127 33
481 748
43 549
32 301
620 691
752 353
388 597
212 475
638 620
36 777
336 616
704 749
120 47
303 575
319 12
269 584
18 767
792 565
80 263
117 83
652 322
214 760
512 79
749 35
289 218
677 331
221 53
341 173
47 519
374 733
622 706
60 754
740 649
634 148
69 423
808 724
183 110
369 246
101 790
390 145
87 612
513 629
518 157
408 155
82 603
672 210
283 742
94 184
810 137
576 638
407 665
692 140
234 356
438 716
132 270
303 218
376 56
411 132
287 465
660 239
255 437
76 777
774 590
35 402
835 470
53 445
313 109
421 756
370 70
268 105
461 536
225 503
814 228
230 406
781 282
51 590
106 274
552 648
292 643
77 734
26 784
231 308
433 453
821 239
825 817
290 617
220 701
169 776
596 673
544 241
466 208
469 197
714 378
700 583
611 718
426 610
136 46
45 140
247 703
306 175
641 397
406 772
442 630
62 319
651 699
543 34
800 132
752 760
515 763
732 94
609 354
437 825
373 502
197 184
434 602
59 75
645 832
759 577
221 20
506 537
197 510
591 149
420 83
187 428
334 697
741 479
601 716
231 734
487 101
70 151
456 263
809 261
51 19
217 836
291 512
516 388
720 93
187 6
280 740
727 207
751 197
538 434
295 532
575 422
102 10
374 278
50 120
441 256
494 634
762 199
48 755
307 606
346 399
454 361
222 384
389 76
390 74
466 411
351 164
569 32
520 582
831 277
10 572
617 492
49 591
108 788
365 206
217 692
221 506
477 16
481 85
229 752
69 166
452 143
254 823
199 551
632 99
434 504
323 122
658 532
554 709
820 442
120 422
799 229
286 456
254 529
442 410
440 301
827 550
405 70
691 94
801 383
550 146
219 475
202 433
58 410
190 693
109 264
769 647
293 28
609 95
830 646
784 511
823 822
437 247
367 106
739 437
388 557
212 614
782 302
363 89
826 562
369 370
591 443
155 270
321 58
416 301
453 120
716 101
224 336
722 786
140 529
533 819
433 196
309 276
443 466
246 698
689 478
176 674
160 326
52 103
275 647
312 407
97 416
192 412
636 101
72 685
271 308
441 102
349 821
540 296
322 729
767 505
141 638
473 232
570 710
350 144
405 270
334 668
561 51
448 442
416 38
434 197
288 728
291 318
494 249
812 504
415 767
569 60
632 231
65 698
107 256
362 536
310 423
742 815
528 172
530 759
288 187
290 147
381 413
777 77
609 634
403 730
279 745
693 543
622 789
713 581
295 279
86 470
677 582
235 319
560 475
368 215
393 761
22 499
531 281
139 750
767 286
644 470
574 620
276 748
542 206
801 283
169 209
423 145
214 565
306 375
329 832
453 575
237 258
230 797
675 383
461 100
26 86
389 146
138 89
216 462
805 552
57 367
77 84
74 532
786 185
656 747
834 532
686 641
312 138
759 702
447 329
251 600
639 174
216 729
440 836
239 572
701 172
723 588
351 706
174 201
508 531
607 70
771 793
590 511
630 568
116 472
264 566
230 735
637 117
250 233
142 571
698 491
204 797
608 716
246 416
342 450
605 424
92 651
223 782
298 595
443 390
389 115
375 142
340 393
493 650
812 770
542 769
747 254
123 824
397 697
201 835
594 772
565 386
505 616
605 442
571 189
616 673
763 764
622 269
718 175
313 193
171 175
463 485
49 369
583 610
506 722
70 772
822 409
682 740
740 644
562 740
262 661
55 631
673 18
505 77
368 243
21 295
319 6
794 264
571 178
205 773
419 283
795 455
228 567
283 747
643 27
221 624
288 22
201 752
693 55
180 545
472 26
717 732
518 535
170 673
442 144
523 472
233 524
676 32
808 291
239 781
132 595
263 609
34 598
786 180
718 270
811 175
376 777
447 171
172 831
445 408
608 527
186 56
38 385
596 619
450 76
217 290
90 308
65 803
321 217
260 33
181 130
41 16
754 602
172 510
137 255
48 377
710 177
340 223
472 319
401 178
241 360
314 558
264 246
29 564
673 219
799 48
341 488
56 376
423 758
483 753
619 563
285 134
720 548
7 697
548 25
471 481
679 203
189 656
762 56
111 545
619 420
802 73
163 202
635 100
545 297
532 434
638 19
507 418
92 358
660 635
440 105
759 20
336 816
614 104
279 785
430 679
72 415
697 71
518 439
43 270
280 76
307 661
507 128
91 761
607 168
365 557
638 139
123 38
777 774
62 173
434 391
818 397
506 654
140 737
787 349
695 572
171 250
85 799
103 95
53 236
295 649
367 524
779 817
120 402
694 497
610 151
545 330
708 130
799 158
240 540
507 701
181 761
813 110
747 829
734 191
517 821
232 292
340 205
239 628
834 653
495 405
336 258
159 189
568 279
400 249
810 99
331 806
523 586
814 542
399 192
771 43
348 163
22 243
355 211
247 619
216 630
268 23
271 591
255 129
184 457
771 527
42 174
480 783
390 75
709 214
216 90
126 765
75 282
555 20
838 103
372 463
526 488
582 590
472 830
70 425
199 768
240 298
369 327
106 35
64 754
191 26
518 68
177 437
14 687
290 140
753 695
4 385
411 90
527 184
394 772
513 172
685 625
816 736
600 141
802 729
695 205
404 474
88 455
629 324
369 726
499 547
150 701
462 707
745 119
798 121
226 733
214 352
715 208
125 774
167 74
367 834
813 193
334 659
191 144
782 699
736 42
419 797
131 775
813 287
248 288
549 357
664 753
762 578
613 399
576 316
79 812
30 579
803 650
237 389
19 302
419 693
374 38
124 679
214 340
201 556
702 367
409 677
782 557
808 339
424 92
557 681
502 309
785 392
362 542
349 329
601 647
430 65
801 691
753 23
700 634
797 582
356 199
654 464
91 729
313 711
480 177
558 353
689 771
378 592
287 693
825 758
424 619
256 55
792 752
580 8
594 526
792 461
394 284
767 481
329 512
384 213
183 223
277 475
194 225
783 262
787 396
183 332
519 555
614 48
615 329
563 168
322 93
364 704
558 462
645 434
649 508
280 132
710 344
741 4
772 340
527 116
431 67
418 555
788 670
316 724
245 464
748 457
252 422
5 651
335 195
177 225
624 342
2 387
611 190
101 386
744 634
564 208
175 559
696 72
753 169
39 155
612 687
444 628
604 430
521 806
313 617
460 456
189 6
209 261
193 828
730 282
411 165
195 794
714 822
521 219
616 556
484 82
289 529
147 793
583 313
557 798
469 220
158 294
550 169
466 465
139 509
122 295
568 328
145 89
771 240
423 674
246 670
784 688
323 767
550 395
697 581
740 464
298 207
360 97
90 240
215 518
383 63
166 78
519 308
442 120
671 562
632 229
364 518
182 78
493 753
386 22
797 800
372 805
376 438
198 645
434 810
628 823
41 147
777 194
10 166
638 619
750 748
594 503
623 712
292 803
721 365
195 578
415 167
570 664
222 297
25 719
21 834
561 511
211 143
600 611
328 646
309 721
310 10
297 7
262 169
654 446
603 184
259 772
53 151
571 492
536 314
681 823
598 747
285 505
15 805
551 486
3 409
404 19
462 28
245 769
322 299
735 665
477 204
42 353
152 289
635 105
65 832
710 659
492 577
539 686
646 252
150 113
153 787
267 641
287 759
1 796
698 170
740 126
244 251
817 537
173 630
646 403
548 424
779 156
236 615
58 259
495 810
60 168
523 545
562 179
581 672
433 346
40 527
204 770
818 79
180 510
471 713
535 611
610 493
28 89
723 365
805 489
77 152
99 239
687 448
395 573
421 214
80 344
243 692
378 749
460 316
235 516
365 377
792 517
635 103
467 473
818 403
123 331
307 589
34 815
736 451
400 632
221 5
739 590
423 276
649 237
234 371
132 247
776 232
565 652
657 155
255 444
241 392
595 102
273 291
169 159
187 232
317 15
603 23
34 381
533 320
809 258
135 689
481 270
272 505
158 415
54 678
608 201
130 645
259 59
245 206
193 291
804 709
16 702
509 244
418 254
274 27
831 374
88 415
68 149
581 570
714 214
102 138
637 148
821 459
178 411
732 67
717 220
249 291
526 119
656 780
126 140
71 757
296 87
64 152
338 539
76 182
520 720
650 444
130 346
122 501
819 393
250 731
52 536
91 591
475 178
293 391
301 327
836 153
336 120
268 16
435 828
825 35
164 65
493 704
78 561
394 592
644 514
23 814
311 596
20 490
441 224
821 767
464 207
585 373
834 399
305 110
416 87
345 55
312 371
812 448
560 41
157 554
301 581
430 45
310 72
580 673
467 40
654 817
415 456
787 371
792 656
268 772
837 762
292 788
366 375
801 624
132 235
354 794
832 801
651 423
615 437
302 144
568 241
507 722
729 336
457 18
405 68
135 528
788 587
466 178
512 387
271 225
829 367
390 614
265 21
247 669
175 799
487 402
831 67
690 43
76 135
126 161
41 66
79 245
210 571
462 344
67 533
653 262
318 371
658 668
349 132
520 176
534 506
81 703
122 523
764 206
88 257
418 59
471 807
222 123
463 418
416 690
643 277
51 167
211 41
759 506
482 258
105 166
288 577
611 653
650 519
316 458
266 348
714 568
91 625
572 800
39 124
635 831
153 406
579 91
64 631
11 487
35 716
476 586
169 186
791 200
577 145
406 357
252 282
552 6
442 242
262 425
634 827
10 417
448 702
214 705
107 76
607 267
760 402
79 281
136 481
318 436
428 556
179 5
571 775
555 219
544 282
345 560
576 814
702 233
135 377
621 487
234 123
455 43
746 266
91 427
265 379
268 526
305 284
228 312
166 181
741 729
760 515
429 541
263 618
620 253
108 535
270 258
398 808
116 428
5 194
585 227
515 821
757 421
460 235
608 352
496 223
44 666
687 192
659 834
292 88
424 669
331 239
498 203
458 637
393 698
106 677
379 180
56 145
275 775
241 608
336 316
289 756
620 720
218 365
718 392
518 366
104 268
446 410
139 623
676 350
698 344
362 258
810 516
832 116
99 128
284 329
396 562
271 646
295 626
684 413
387 762
444 76
544 701
9 761
230 581
720 30
761 710
315 563
693 266
15 233
370 484
704 348
378 767
307 58
118 202
292 595
782 133
35 343
629 419
671 645
189 23
82 435
685 473
50 136
89 483
611 187
193 333
526 57
530 68
128 466
199 228
403 291
171 565
228 255
799 191
86 757
750 348
787 572
95 36
337 350
395 442
234 699
199 10
130 527
242 725
482 583
584 184
359 143
163 480
625 573
491 355
185 130
218 326
662 704
811 487
152 435
461 151
679 691
474 745
809 714
769 148
136 60
836 738
509 390
509 636
296 96
425 399
553 700
284 342
486 451
804 443
539 680
462 183
742 144
137 108
529 808
786 771
456 567
827 207
24 656
790 54
443 198
7 441
687 124
30 447
440 576
221 410
629 269
791 473
667 599
284 235
587 450
383 442
208 443
134 280
262 749
232 305
837 284
323 465
255 289
101 825
482 159
709 781
658 305
508 245
42 705
617 51
709 40
552 365
4 82
135 583
546 407
68 55
287 280
785 729
695 545
149 743
33 236
363 232
531 322
4 827
251 344
281 443
393 204
284 475
123 466
68 633
198 85
718 353
832 740
617 197
56 264
43 488
575 814
598 566
86 420
714 398
823 352
539 703
623 167
493 726
602 85
432 816
821 672
110 766
807 379
13 12
704 716
686 155
300 178
528 827
794 382
40 58
277 110
651 804
28 523
68 754
785 715
803 571
170 820
508 742
20 634
352 696
704 596
192 537
616 470
415 238
304 648
102 735
765 117
830 8
694 612
675 633
347 587
439 684
579 465
359 451
332 81
698 417
184 657
574 105
405 162
541 352
501 541
291 240
719 168
380 312
42 476
193 131
30 782
143 126
73 556
166 457
222 762
170 459
324 104
322 715
213 788
601 142
762 205
798 306
36 615
164 444
606 559
57 580
61 617
562 731
677 687
15 8
537 815
347 552
165 330
354 324
816 487
262 340
772 75
124 480
677 385
710 688
792 180
4 394
189 572
376 391
212 312
218 547
535 660
49 432
140 444
654 631
52 720
33 594
420 711
419 601
519 26
359 409
108 159
290 470
654 612
224 41
315 450
405 519
670 486
